4225
(0, 0, 0)
(1, 0, 150)
(2, 0, 300)
(3, 0, 450)
(4, 0, 600)
(5, 0, 750)
(6, 0, 900)
(7, 0, 1050)
(8, 0, 1200)
(9, 0, 1350)
(10, 0, 1500)
(11, 0, 1650)
(12, 0, 1800)
(13, 0, 1950)
(14, 0, 2100)
(15, 0, 2250)
(16, 0, 2400)
(17, 0, 2550)
(18, 0, 2700)
(19, 0, 2850)
(20, 0, 3000)
(21, 0, 3150)
(22, 0, 3300)
(23, 0, 3450)
(24, 0, 3600)
(25, 0, 3750)
(26, 0, 3900)
(27, 0, 4050)
(28, 0, 4200)
(29, 0, 4350)
(30, 0, 4500)
(31, 0, 4650)
(32, 0, 4800)
(33, 0, 4950)
(34, 0, 5100)
(35, 0, 5250)
(36, 0, 5400)
(37, 0, 5550)
(38, 0, 5700)
(39, 0, 5850)
(40, 0, 6000)
(41, 0, 6150)
(42, 0, 6300)
(43, 0, 6450)
(44, 0, 6600)
(45, 0, 6750)
(46, 0, 6900)
(47, 0, 7050)
(48, 0, 7200)
(49, 0, 7350)
(50, 0, 7500)
(51, 0, 7650)
(52, 0, 7800)
(53, 0, 7950)
(54, 0, 8100)
(55, 0, 8250)
(56, 0, 8400)
(57, 0, 8550)
(58, 0, 8700)
(59, 0, 8850)
(60, 0, 9000)
(61, 0, 9150)
(62, 0, 9300)
(63, 0, 9450)
(64, 0, 9600)
(65, 150, 0)
(66, 150, 150)
(67, 150, 300)
(68, 150, 450)
(69, 150, 600)
(70, 150, 750)
(71, 150, 900)
(72, 150, 1050)
(73, 150, 1200)
(74, 150, 1350)
(75, 150, 1500)
(76, 150, 1650)
(77, 150, 1800)
(78, 150, 1950)
(79, 150, 2100)
(80, 150, 2250)
(81, 150, 2400)
(82, 150, 2550)
(83, 150, 2700)
(84, 150, 2850)
(85, 150, 3000)
(86, 150, 3150)
(87, 150, 3300)
(88, 150, 3450)
(89, 150, 3600)
(90, 150, 3750)
(91, 150, 3900)
(92, 150, 4050)
(93, 150, 4200)
(94, 150, 4350)
(95, 150, 4500)
(96, 150, 4650)
(97, 150, 4800)
(98, 150, 4950)
(99, 150, 5100)
(100, 150, 5250)
(101, 150, 5400)
(102, 150, 5550)
(103, 150, 5700)
(104, 150, 5850)
(105, 150, 6000)
(106, 150, 6150)
(107, 150, 6300)
(108, 150, 6450)
(109, 150, 6600)
(110, 150, 6750)
(111, 150, 6900)
(112, 150, 7050)
(113, 150, 7200)
(114, 150, 7350)
(115, 150, 7500)
(116, 150, 7650)
(117, 150, 7800)
(118, 150, 7950)
(119, 150, 8100)
(120, 150, 8250)
(121, 150, 8400)
(122, 150, 8550)
(123, 150, 8700)
(124, 150, 8850)
(125, 150, 9000)
(126, 150, 9150)
(127, 150, 9300)
(128, 150, 9450)
(129, 150, 9600)
(130, 300, 0)
(131, 300, 150)
(132, 300, 300)
(133, 300, 450)
(134, 300, 600)
(135, 300, 750)
(136, 300, 900)
(137, 300, 1050)
(138, 300, 1200)
(139, 300, 1350)
(140, 300, 1500)
(141, 300, 1650)
(142, 300, 1800)
(143, 300, 1950)
(144, 300, 2100)
(145, 300, 2250)
(146, 300, 2400)
(147, 300, 2550)
(148, 300, 2700)
(149, 300, 2850)
(150, 300, 3000)
(151, 300, 3150)
(152, 300, 3300)
(153, 300, 3450)
(154, 300, 3600)
(155, 300, 3750)
(156, 300, 3900)
(157, 300, 4050)
(158, 300, 4200)
(159, 300, 4350)
(160, 300, 4500)
(161, 300, 4650)
(162, 300, 4800)
(163, 300, 4950)
(164, 300, 5100)
(165, 300, 5250)
(166, 300, 5400)
(167, 300, 5550)
(168, 300, 5700)
(169, 300, 5850)
(170, 300, 6000)
(171, 300, 6150)
(172, 300, 6300)
(173, 300, 6450)
(174, 300, 6600)
(175, 300, 6750)
(176, 300, 6900)
(177, 300, 7050)
(178, 300, 7200)
(179, 300, 7350)
(180, 300, 7500)
(181, 300, 7650)
(182, 300, 7800)
(183, 300, 7950)
(184, 300, 8100)
(185, 300, 8250)
(186, 300, 8400)
(187, 300, 8550)
(188, 300, 8700)
(189, 300, 8850)
(190, 300, 9000)
(191, 300, 9150)
(192, 300, 9300)
(193, 300, 9450)
(194, 300, 9600)
(195, 450, 0)
(196, 450, 150)
(197, 450, 300)
(198, 450, 450)
(199, 450, 600)
(200, 450, 750)
(201, 450, 900)
(202, 450, 1050)
(203, 450, 1200)
(204, 450, 1350)
(205, 450, 1500)
(206, 450, 1650)
(207, 450, 1800)
(208, 450, 1950)
(209, 450, 2100)
(210, 450, 2250)
(211, 450, 2400)
(212, 450, 2550)
(213, 450, 2700)
(214, 450, 2850)
(215, 450, 3000)
(216, 450, 3150)
(217, 450, 3300)
(218, 450, 3450)
(219, 450, 3600)
(220, 450, 3750)
(221, 450, 3900)
(222, 450, 4050)
(223, 450, 4200)
(224, 450, 4350)
(225, 450, 4500)
(226, 450, 4650)
(227, 450, 4800)
(228, 450, 4950)
(229, 450, 5100)
(230, 450, 5250)
(231, 450, 5400)
(232, 450, 5550)
(233, 450, 5700)
(234, 450, 5850)
(235, 450, 6000)
(236, 450, 6150)
(237, 450, 6300)
(238, 450, 6450)
(239, 450, 6600)
(240, 450, 6750)
(241, 450, 6900)
(242, 450, 7050)
(243, 450, 7200)
(244, 450, 7350)
(245, 450, 7500)
(246, 450, 7650)
(247, 450, 7800)
(248, 450, 7950)
(249, 450, 8100)
(250, 450, 8250)
(251, 450, 8400)
(252, 450, 8550)
(253, 450, 8700)
(254, 450, 8850)
(255, 450, 9000)
(256, 450, 9150)
(257, 450, 9300)
(258, 450, 9450)
(259, 450, 9600)
(260, 600, 0)
(261, 600, 150)
(262, 600, 300)
(263, 600, 450)
(264, 600, 600)
(265, 600, 750)
(266, 600, 900)
(267, 600, 1050)
(268, 600, 1200)
(269, 600, 1350)
(270, 600, 1500)
(271, 600, 1650)
(272, 600, 1800)
(273, 600, 1950)
(274, 600, 2100)
(275, 600, 2250)
(276, 600, 2400)
(277, 600, 2550)
(278, 600, 2700)
(279, 600, 2850)
(280, 600, 3000)
(281, 600, 3150)
(282, 600, 3300)
(283, 600, 3450)
(284, 600, 3600)
(285, 600, 3750)
(286, 600, 3900)
(287, 600, 4050)
(288, 600, 4200)
(289, 600, 4350)
(290, 600, 4500)
(291, 600, 4650)
(292, 600, 4800)
(293, 600, 4950)
(294, 600, 5100)
(295, 600, 5250)
(296, 600, 5400)
(297, 600, 5550)
(298, 600, 5700)
(299, 600, 5850)
(300, 600, 6000)
(301, 600, 6150)
(302, 600, 6300)
(303, 600, 6450)
(304, 600, 6600)
(305, 600, 6750)
(306, 600, 6900)
(307, 600, 7050)
(308, 600, 7200)
(309, 600, 7350)
(310, 600, 7500)
(311, 600, 7650)
(312, 600, 7800)
(313, 600, 7950)
(314, 600, 8100)
(315, 600, 8250)
(316, 600, 8400)
(317, 600, 8550)
(318, 600, 8700)
(319, 600, 8850)
(320, 600, 9000)
(321, 600, 9150)
(322, 600, 9300)
(323, 600, 9450)
(324, 600, 9600)
(325, 750, 0)
(326, 750, 150)
(327, 750, 300)
(328, 750, 450)
(329, 750, 600)
(330, 750, 750)
(331, 750, 900)
(332, 750, 1050)
(333, 750, 1200)
(334, 750, 1350)
(335, 750, 1500)
(336, 750, 1650)
(337, 750, 1800)
(338, 750, 1950)
(339, 750, 2100)
(340, 750, 2250)
(341, 750, 2400)
(342, 750, 2550)
(343, 750, 2700)
(344, 750, 2850)
(345, 750, 3000)
(346, 750, 3150)
(347, 750, 3300)
(348, 750, 3450)
(349, 750, 3600)
(350, 750, 3750)
(351, 750, 3900)
(352, 750, 4050)
(353, 750, 4200)
(354, 750, 4350)
(355, 750, 4500)
(356, 750, 4650)
(357, 750, 4800)
(358, 750, 4950)
(359, 750, 5100)
(360, 750, 5250)
(361, 750, 5400)
(362, 750, 5550)
(363, 750, 5700)
(364, 750, 5850)
(365, 750, 6000)
(366, 750, 6150)
(367, 750, 6300)
(368, 750, 6450)
(369, 750, 6600)
(370, 750, 6750)
(371, 750, 6900)
(372, 750, 7050)
(373, 750, 7200)
(374, 750, 7350)
(375, 750, 7500)
(376, 750, 7650)
(377, 750, 7800)
(378, 750, 7950)
(379, 750, 8100)
(380, 750, 8250)
(381, 750, 8400)
(382, 750, 8550)
(383, 750, 8700)
(384, 750, 8850)
(385, 750, 9000)
(386, 750, 9150)
(387, 750, 9300)
(388, 750, 9450)
(389, 750, 9600)
(390, 900, 0)
(391, 900, 150)
(392, 900, 300)
(393, 900, 450)
(394, 900, 600)
(395, 900, 750)
(396, 900, 900)
(397, 900, 1050)
(398, 900, 1200)
(399, 900, 1350)
(400, 900, 1500)
(401, 900, 1650)
(402, 900, 1800)
(403, 900, 1950)
(404, 900, 2100)
(405, 900, 2250)
(406, 900, 2400)
(407, 900, 2550)
(408, 900, 2700)
(409, 900, 2850)
(410, 900, 3000)
(411, 900, 3150)
(412, 900, 3300)
(413, 900, 3450)
(414, 900, 3600)
(415, 900, 3750)
(416, 900, 3900)
(417, 900, 4050)
(418, 900, 4200)
(419, 900, 4350)
(420, 900, 4500)
(421, 900, 4650)
(422, 900, 4800)
(423, 900, 4950)
(424, 900, 5100)
(425, 900, 5250)
(426, 900, 5400)
(427, 900, 5550)
(428, 900, 5700)
(429, 900, 5850)
(430, 900, 6000)
(431, 900, 6150)
(432, 900, 6300)
(433, 900, 6450)
(434, 900, 6600)
(435, 900, 6750)
(436, 900, 6900)
(437, 900, 7050)
(438, 900, 7200)
(439, 900, 7350)
(440, 900, 7500)
(441, 900, 7650)
(442, 900, 7800)
(443, 900, 7950)
(444, 900, 8100)
(445, 900, 8250)
(446, 900, 8400)
(447, 900, 8550)
(448, 900, 8700)
(449, 900, 8850)
(450, 900, 9000)
(451, 900, 9150)
(452, 900, 9300)
(453, 900, 9450)
(454, 900, 9600)
(455, 1050, 0)
(456, 1050, 150)
(457, 1050, 300)
(458, 1050, 450)
(459, 1050, 600)
(460, 1050, 750)
(461, 1050, 900)
(462, 1050, 1050)
(463, 1050, 1200)
(464, 1050, 1350)
(465, 1050, 1500)
(466, 1050, 1650)
(467, 1050, 1800)
(468, 1050, 1950)
(469, 1050, 2100)
(470, 1050, 2250)
(471, 1050, 2400)
(472, 1050, 2550)
(473, 1050, 2700)
(474, 1050, 2850)
(475, 1050, 3000)
(476, 1050, 3150)
(477, 1050, 3300)
(478, 1050, 3450)
(479, 1050, 3600)
(480, 1050, 3750)
(481, 1050, 3900)
(482, 1050, 4050)
(483, 1050, 4200)
(484, 1050, 4350)
(485, 1050, 4500)
(486, 1050, 4650)
(487, 1050, 4800)
(488, 1050, 4950)
(489, 1050, 5100)
(490, 1050, 5250)
(491, 1050, 5400)
(492, 1050, 5550)
(493, 1050, 5700)
(494, 1050, 5850)
(495, 1050, 6000)
(496, 1050, 6150)
(497, 1050, 6300)
(498, 1050, 6450)
(499, 1050, 6600)
(500, 1050, 6750)
(501, 1050, 6900)
(502, 1050, 7050)
(503, 1050, 7200)
(504, 1050, 7350)
(505, 1050, 7500)
(506, 1050, 7650)
(507, 1050, 7800)
(508, 1050, 7950)
(509, 1050, 8100)
(510, 1050, 8250)
(511, 1050, 8400)
(512, 1050, 8550)
(513, 1050, 8700)
(514, 1050, 8850)
(515, 1050, 9000)
(516, 1050, 9150)
(517, 1050, 9300)
(518, 1050, 9450)
(519, 1050, 9600)
(520, 1200, 0)
(521, 1200, 150)
(522, 1200, 300)
(523, 1200, 450)
(524, 1200, 600)
(525, 1200, 750)
(526, 1200, 900)
(527, 1200, 1050)
(528, 1200, 1200)
(529, 1200, 1350)
(530, 1200, 1500)
(531, 1200, 1650)
(532, 1200, 1800)
(533, 1200, 1950)
(534, 1200, 2100)
(535, 1200, 2250)
(536, 1200, 2400)
(537, 1200, 2550)
(538, 1200, 2700)
(539, 1200, 2850)
(540, 1200, 3000)
(541, 1200, 3150)
(542, 1200, 3300)
(543, 1200, 3450)
(544, 1200, 3600)
(545, 1200, 3750)
(546, 1200, 3900)
(547, 1200, 4050)
(548, 1200, 4200)
(549, 1200, 4350)
(550, 1200, 4500)
(551, 1200, 4650)
(552, 1200, 4800)
(553, 1200, 4950)
(554, 1200, 5100)
(555, 1200, 5250)
(556, 1200, 5400)
(557, 1200, 5550)
(558, 1200, 5700)
(559, 1200, 5850)
(560, 1200, 6000)
(561, 1200, 6150)
(562, 1200, 6300)
(563, 1200, 6450)
(564, 1200, 6600)
(565, 1200, 6750)
(566, 1200, 6900)
(567, 1200, 7050)
(568, 1200, 7200)
(569, 1200, 7350)
(570, 1200, 7500)
(571, 1200, 7650)
(572, 1200, 7800)
(573, 1200, 7950)
(574, 1200, 8100)
(575, 1200, 8250)
(576, 1200, 8400)
(577, 1200, 8550)
(578, 1200, 8700)
(579, 1200, 8850)
(580, 1200, 9000)
(581, 1200, 9150)
(582, 1200, 9300)
(583, 1200, 9450)
(584, 1200, 9600)
(585, 1350, 0)
(586, 1350, 150)
(587, 1350, 300)
(588, 1350, 450)
(589, 1350, 600)
(590, 1350, 750)
(591, 1350, 900)
(592, 1350, 1050)
(593, 1350, 1200)
(594, 1350, 1350)
(595, 1350, 1500)
(596, 1350, 1650)
(597, 1350, 1800)
(598, 1350, 1950)
(599, 1350, 2100)
(600, 1350, 2250)
(601, 1350, 2400)
(602, 1350, 2550)
(603, 1350, 2700)
(604, 1350, 2850)
(605, 1350, 3000)
(606, 1350, 3150)
(607, 1350, 3300)
(608, 1350, 3450)
(609, 1350, 3600)
(610, 1350, 3750)
(611, 1350, 3900)
(612, 1350, 4050)
(613, 1350, 4200)
(614, 1350, 4350)
(615, 1350, 4500)
(616, 1350, 4650)
(617, 1350, 4800)
(618, 1350, 4950)
(619, 1350, 5100)
(620, 1350, 5250)
(621, 1350, 5400)
(622, 1350, 5550)
(623, 1350, 5700)
(624, 1350, 5850)
(625, 1350, 6000)
(626, 1350, 6150)
(627, 1350, 6300)
(628, 1350, 6450)
(629, 1350, 6600)
(630, 1350, 6750)
(631, 1350, 6900)
(632, 1350, 7050)
(633, 1350, 7200)
(634, 1350, 7350)
(635, 1350, 7500)
(636, 1350, 7650)
(637, 1350, 7800)
(638, 1350, 7950)
(639, 1350, 8100)
(640, 1350, 8250)
(641, 1350, 8400)
(642, 1350, 8550)
(643, 1350, 8700)
(644, 1350, 8850)
(645, 1350, 9000)
(646, 1350, 9150)
(647, 1350, 9300)
(648, 1350, 9450)
(649, 1350, 9600)
(650, 1500, 0)
(651, 1500, 150)
(652, 1500, 300)
(653, 1500, 450)
(654, 1500, 600)
(655, 1500, 750)
(656, 1500, 900)
(657, 1500, 1050)
(658, 1500, 1200)
(659, 1500, 1350)
(660, 1500, 1500)
(661, 1500, 1650)
(662, 1500, 1800)
(663, 1500, 1950)
(664, 1500, 2100)
(665, 1500, 2250)
(666, 1500, 2400)
(667, 1500, 2550)
(668, 1500, 2700)
(669, 1500, 2850)
(670, 1500, 3000)
(671, 1500, 3150)
(672, 1500, 3300)
(673, 1500, 3450)
(674, 1500, 3600)
(675, 1500, 3750)
(676, 1500, 3900)
(677, 1500, 4050)
(678, 1500, 4200)
(679, 1500, 4350)
(680, 1500, 4500)
(681, 1500, 4650)
(682, 1500, 4800)
(683, 1500, 4950)
(684, 1500, 5100)
(685, 1500, 5250)
(686, 1500, 5400)
(687, 1500, 5550)
(688, 1500, 5700)
(689, 1500, 5850)
(690, 1500, 6000)
(691, 1500, 6150)
(692, 1500, 6300)
(693, 1500, 6450)
(694, 1500, 6600)
(695, 1500, 6750)
(696, 1500, 6900)
(697, 1500, 7050)
(698, 1500, 7200)
(699, 1500, 7350)
(700, 1500, 7500)
(701, 1500, 7650)
(702, 1500, 7800)
(703, 1500, 7950)
(704, 1500, 8100)
(705, 1500, 8250)
(706, 1500, 8400)
(707, 1500, 8550)
(708, 1500, 8700)
(709, 1500, 8850)
(710, 1500, 9000)
(711, 1500, 9150)
(712, 1500, 9300)
(713, 1500, 9450)
(714, 1500, 9600)
(715, 1650, 0)
(716, 1650, 150)
(717, 1650, 300)
(718, 1650, 450)
(719, 1650, 600)
(720, 1650, 750)
(721, 1650, 900)
(722, 1650, 1050)
(723, 1650, 1200)
(724, 1650, 1350)
(725, 1650, 1500)
(726, 1650, 1650)
(727, 1650, 1800)
(728, 1650, 1950)
(729, 1650, 2100)
(730, 1650, 2250)
(731, 1650, 2400)
(732, 1650, 2550)
(733, 1650, 2700)
(734, 1650, 2850)
(735, 1650, 3000)
(736, 1650, 3150)
(737, 1650, 3300)
(738, 1650, 3450)
(739, 1650, 3600)
(740, 1650, 3750)
(741, 1650, 3900)
(742, 1650, 4050)
(743, 1650, 4200)
(744, 1650, 4350)
(745, 1650, 4500)
(746, 1650, 4650)
(747, 1650, 4800)
(748, 1650, 4950)
(749, 1650, 5100)
(750, 1650, 5250)
(751, 1650, 5400)
(752, 1650, 5550)
(753, 1650, 5700)
(754, 1650, 5850)
(755, 1650, 6000)
(756, 1650, 6150)
(757, 1650, 6300)
(758, 1650, 6450)
(759, 1650, 6600)
(760, 1650, 6750)
(761, 1650, 6900)
(762, 1650, 7050)
(763, 1650, 7200)
(764, 1650, 7350)
(765, 1650, 7500)
(766, 1650, 7650)
(767, 1650, 7800)
(768, 1650, 7950)
(769, 1650, 8100)
(770, 1650, 8250)
(771, 1650, 8400)
(772, 1650, 8550)
(773, 1650, 8700)
(774, 1650, 8850)
(775, 1650, 9000)
(776, 1650, 9150)
(777, 1650, 9300)
(778, 1650, 9450)
(779, 1650, 9600)
(780, 1800, 0)
(781, 1800, 150)
(782, 1800, 300)
(783, 1800, 450)
(784, 1800, 600)
(785, 1800, 750)
(786, 1800, 900)
(787, 1800, 1050)
(788, 1800, 1200)
(789, 1800, 1350)
(790, 1800, 1500)
(791, 1800, 1650)
(792, 1800, 1800)
(793, 1800, 1950)
(794, 1800, 2100)
(795, 1800, 2250)
(796, 1800, 2400)
(797, 1800, 2550)
(798, 1800, 2700)
(799, 1800, 2850)
(800, 1800, 3000)
(801, 1800, 3150)
(802, 1800, 3300)
(803, 1800, 3450)
(804, 1800, 3600)
(805, 1800, 3750)
(806, 1800, 3900)
(807, 1800, 4050)
(808, 1800, 4200)
(809, 1800, 4350)
(810, 1800, 4500)
(811, 1800, 4650)
(812, 1800, 4800)
(813, 1800, 4950)
(814, 1800, 5100)
(815, 1800, 5250)
(816, 1800, 5400)
(817, 1800, 5550)
(818, 1800, 5700)
(819, 1800, 5850)
(820, 1800, 6000)
(821, 1800, 6150)
(822, 1800, 6300)
(823, 1800, 6450)
(824, 1800, 6600)
(825, 1800, 6750)
(826, 1800, 6900)
(827, 1800, 7050)
(828, 1800, 7200)
(829, 1800, 7350)
(830, 1800, 7500)
(831, 1800, 7650)
(832, 1800, 7800)
(833, 1800, 7950)
(834, 1800, 8100)
(835, 1800, 8250)
(836, 1800, 8400)
(837, 1800, 8550)
(838, 1800, 8700)
(839, 1800, 8850)
(840, 1800, 9000)
(841, 1800, 9150)
(842, 1800, 9300)
(843, 1800, 9450)
(844, 1800, 9600)
(845, 1950, 0)
(846, 1950, 150)
(847, 1950, 300)
(848, 1950, 450)
(849, 1950, 600)
(850, 1950, 750)
(851, 1950, 900)
(852, 1950, 1050)
(853, 1950, 1200)
(854, 1950, 1350)
(855, 1950, 1500)
(856, 1950, 1650)
(857, 1950, 1800)
(858, 1950, 1950)
(859, 1950, 2100)
(860, 1950, 2250)
(861, 1950, 2400)
(862, 1950, 2550)
(863, 1950, 2700)
(864, 1950, 2850)
(865, 1950, 3000)
(866, 1950, 3150)
(867, 1950, 3300)
(868, 1950, 3450)
(869, 1950, 3600)
(870, 1950, 3750)
(871, 1950, 3900)
(872, 1950, 4050)
(873, 1950, 4200)
(874, 1950, 4350)
(875, 1950, 4500)
(876, 1950, 4650)
(877, 1950, 4800)
(878, 1950, 4950)
(879, 1950, 5100)
(880, 1950, 5250)
(881, 1950, 5400)
(882, 1950, 5550)
(883, 1950, 5700)
(884, 1950, 5850)
(885, 1950, 6000)
(886, 1950, 6150)
(887, 1950, 6300)
(888, 1950, 6450)
(889, 1950, 6600)
(890, 1950, 6750)
(891, 1950, 6900)
(892, 1950, 7050)
(893, 1950, 7200)
(894, 1950, 7350)
(895, 1950, 7500)
(896, 1950, 7650)
(897, 1950, 7800)
(898, 1950, 7950)
(899, 1950, 8100)
(900, 1950, 8250)
(901, 1950, 8400)
(902, 1950, 8550)
(903, 1950, 8700)
(904, 1950, 8850)
(905, 1950, 9000)
(906, 1950, 9150)
(907, 1950, 9300)
(908, 1950, 9450)
(909, 1950, 9600)
(910, 2100, 0)
(911, 2100, 150)
(912, 2100, 300)
(913, 2100, 450)
(914, 2100, 600)
(915, 2100, 750)
(916, 2100, 900)
(917, 2100, 1050)
(918, 2100, 1200)
(919, 2100, 1350)
(920, 2100, 1500)
(921, 2100, 1650)
(922, 2100, 1800)
(923, 2100, 1950)
(924, 2100, 2100)
(925, 2100, 2250)
(926, 2100, 2400)
(927, 2100, 2550)
(928, 2100, 2700)
(929, 2100, 2850)
(930, 2100, 3000)
(931, 2100, 3150)
(932, 2100, 3300)
(933, 2100, 3450)
(934, 2100, 3600)
(935, 2100, 3750)
(936, 2100, 3900)
(937, 2100, 4050)
(938, 2100, 4200)
(939, 2100, 4350)
(940, 2100, 4500)
(941, 2100, 4650)
(942, 2100, 4800)
(943, 2100, 4950)
(944, 2100, 5100)
(945, 2100, 5250)
(946, 2100, 5400)
(947, 2100, 5550)
(948, 2100, 5700)
(949, 2100, 5850)
(950, 2100, 6000)
(951, 2100, 6150)
(952, 2100, 6300)
(953, 2100, 6450)
(954, 2100, 6600)
(955, 2100, 6750)
(956, 2100, 6900)
(957, 2100, 7050)
(958, 2100, 7200)
(959, 2100, 7350)
(960, 2100, 7500)
(961, 2100, 7650)
(962, 2100, 7800)
(963, 2100, 7950)
(964, 2100, 8100)
(965, 2100, 8250)
(966, 2100, 8400)
(967, 2100, 8550)
(968, 2100, 8700)
(969, 2100, 8850)
(970, 2100, 9000)
(971, 2100, 9150)
(972, 2100, 9300)
(973, 2100, 9450)
(974, 2100, 9600)
(975, 2250, 0)
(976, 2250, 150)
(977, 2250, 300)
(978, 2250, 450)
(979, 2250, 600)
(980, 2250, 750)
(981, 2250, 900)
(982, 2250, 1050)
(983, 2250, 1200)
(984, 2250, 1350)
(985, 2250, 1500)
(986, 2250, 1650)
(987, 2250, 1800)
(988, 2250, 1950)
(989, 2250, 2100)
(990, 2250, 2250)
(991, 2250, 2400)
(992, 2250, 2550)
(993, 2250, 2700)
(994, 2250, 2850)
(995, 2250, 3000)
(996, 2250, 3150)
(997, 2250, 3300)
(998, 2250, 3450)
(999, 2250, 3600)
(1000, 2250, 3750)
(1001, 2250, 3900)
(1002, 2250, 4050)
(1003, 2250, 4200)
(1004, 2250, 4350)
(1005, 2250, 4500)
(1006, 2250, 4650)
(1007, 2250, 4800)
(1008, 2250, 4950)
(1009, 2250, 5100)
(1010, 2250, 5250)
(1011, 2250, 5400)
(1012, 2250, 5550)
(1013, 2250, 5700)
(1014, 2250, 5850)
(1015, 2250, 6000)
(1016, 2250, 6150)
(1017, 2250, 6300)
(1018, 2250, 6450)
(1019, 2250, 6600)
(1020, 2250, 6750)
(1021, 2250, 6900)
(1022, 2250, 7050)
(1023, 2250, 7200)
(1024, 2250, 7350)
(1025, 2250, 7500)
(1026, 2250, 7650)
(1027, 2250, 7800)
(1028, 2250, 7950)
(1029, 2250, 8100)
(1030, 2250, 8250)
(1031, 2250, 8400)
(1032, 2250, 8550)
(1033, 2250, 8700)
(1034, 2250, 8850)
(1035, 2250, 9000)
(1036, 2250, 9150)
(1037, 2250, 9300)
(1038, 2250, 9450)
(1039, 2250, 9600)
(1040, 2400, 0)
(1041, 2400, 150)
(1042, 2400, 300)
(1043, 2400, 450)
(1044, 2400, 600)
(1045, 2400, 750)
(1046, 2400, 900)
(1047, 2400, 1050)
(1048, 2400, 1200)
(1049, 2400, 1350)
(1050, 2400, 1500)
(1051, 2400, 1650)
(1052, 2400, 1800)
(1053, 2400, 1950)
(1054, 2400, 2100)
(1055, 2400, 2250)
(1056, 2400, 2400)
(1057, 2400, 2550)
(1058, 2400, 2700)
(1059, 2400, 2850)
(1060, 2400, 3000)
(1061, 2400, 3150)
(1062, 2400, 3300)
(1063, 2400, 3450)
(1064, 2400, 3600)
(1065, 2400, 3750)
(1066, 2400, 3900)
(1067, 2400, 4050)
(1068, 2400, 4200)
(1069, 2400, 4350)
(1070, 2400, 4500)
(1071, 2400, 4650)
(1072, 2400, 4800)
(1073, 2400, 4950)
(1074, 2400, 5100)
(1075, 2400, 5250)
(1076, 2400, 5400)
(1077, 2400, 5550)
(1078, 2400, 5700)
(1079, 2400, 5850)
(1080, 2400, 6000)
(1081, 2400, 6150)
(1082, 2400, 6300)
(1083, 2400, 6450)
(1084, 2400, 6600)
(1085, 2400, 6750)
(1086, 2400, 6900)
(1087, 2400, 7050)
(1088, 2400, 7200)
(1089, 2400, 7350)
(1090, 2400, 7500)
(1091, 2400, 7650)
(1092, 2400, 7800)
(1093, 2400, 7950)
(1094, 2400, 8100)
(1095, 2400, 8250)
(1096, 2400, 8400)
(1097, 2400, 8550)
(1098, 2400, 8700)
(1099, 2400, 8850)
(1100, 2400, 9000)
(1101, 2400, 9150)
(1102, 2400, 9300)
(1103, 2400, 9450)
(1104, 2400, 9600)
(1105, 2550, 0)
(1106, 2550, 150)
(1107, 2550, 300)
(1108, 2550, 450)
(1109, 2550, 600)
(1110, 2550, 750)
(1111, 2550, 900)
(1112, 2550, 1050)
(1113, 2550, 1200)
(1114, 2550, 1350)
(1115, 2550, 1500)
(1116, 2550, 1650)
(1117, 2550, 1800)
(1118, 2550, 1950)
(1119, 2550, 2100)
(1120, 2550, 2250)
(1121, 2550, 2400)
(1122, 2550, 2550)
(1123, 2550, 2700)
(1124, 2550, 2850)
(1125, 2550, 3000)
(1126, 2550, 3150)
(1127, 2550, 3300)
(1128, 2550, 3450)
(1129, 2550, 3600)
(1130, 2550, 3750)
(1131, 2550, 3900)
(1132, 2550, 4050)
(1133, 2550, 4200)
(1134, 2550, 4350)
(1135, 2550, 4500)
(1136, 2550, 4650)
(1137, 2550, 4800)
(1138, 2550, 4950)
(1139, 2550, 5100)
(1140, 2550, 5250)
(1141, 2550, 5400)
(1142, 2550, 5550)
(1143, 2550, 5700)
(1144, 2550, 5850)
(1145, 2550, 6000)
(1146, 2550, 6150)
(1147, 2550, 6300)
(1148, 2550, 6450)
(1149, 2550, 6600)
(1150, 2550, 6750)
(1151, 2550, 6900)
(1152, 2550, 7050)
(1153, 2550, 7200)
(1154, 2550, 7350)
(1155, 2550, 7500)
(1156, 2550, 7650)
(1157, 2550, 7800)
(1158, 2550, 7950)
(1159, 2550, 8100)
(1160, 2550, 8250)
(1161, 2550, 8400)
(1162, 2550, 8550)
(1163, 2550, 8700)
(1164, 2550, 8850)
(1165, 2550, 9000)
(1166, 2550, 9150)
(1167, 2550, 9300)
(1168, 2550, 9450)
(1169, 2550, 9600)
(1170, 2700, 0)
(1171, 2700, 150)
(1172, 2700, 300)
(1173, 2700, 450)
(1174, 2700, 600)
(1175, 2700, 750)
(1176, 2700, 900)
(1177, 2700, 1050)
(1178, 2700, 1200)
(1179, 2700, 1350)
(1180, 2700, 1500)
(1181, 2700, 1650)
(1182, 2700, 1800)
(1183, 2700, 1950)
(1184, 2700, 2100)
(1185, 2700, 2250)
(1186, 2700, 2400)
(1187, 2700, 2550)
(1188, 2700, 2700)
(1189, 2700, 2850)
(1190, 2700, 3000)
(1191, 2700, 3150)
(1192, 2700, 3300)
(1193, 2700, 3450)
(1194, 2700, 3600)
(1195, 2700, 3750)
(1196, 2700, 3900)
(1197, 2700, 4050)
(1198, 2700, 4200)
(1199, 2700, 4350)
(1200, 2700, 4500)
(1201, 2700, 4650)
(1202, 2700, 4800)
(1203, 2700, 4950)
(1204, 2700, 5100)
(1205, 2700, 5250)
(1206, 2700, 5400)
(1207, 2700, 5550)
(1208, 2700, 5700)
(1209, 2700, 5850)
(1210, 2700, 6000)
(1211, 2700, 6150)
(1212, 2700, 6300)
(1213, 2700, 6450)
(1214, 2700, 6600)
(1215, 2700, 6750)
(1216, 2700, 6900)
(1217, 2700, 7050)
(1218, 2700, 7200)
(1219, 2700, 7350)
(1220, 2700, 7500)
(1221, 2700, 7650)
(1222, 2700, 7800)
(1223, 2700, 7950)
(1224, 2700, 8100)
(1225, 2700, 8250)
(1226, 2700, 8400)
(1227, 2700, 8550)
(1228, 2700, 8700)
(1229, 2700, 8850)
(1230, 2700, 9000)
(1231, 2700, 9150)
(1232, 2700, 9300)
(1233, 2700, 9450)
(1234, 2700, 9600)
(1235, 2850, 0)
(1236, 2850, 150)
(1237, 2850, 300)
(1238, 2850, 450)
(1239, 2850, 600)
(1240, 2850, 750)
(1241, 2850, 900)
(1242, 2850, 1050)
(1243, 2850, 1200)
(1244, 2850, 1350)
(1245, 2850, 1500)
(1246, 2850, 1650)
(1247, 2850, 1800)
(1248, 2850, 1950)
(1249, 2850, 2100)
(1250, 2850, 2250)
(1251, 2850, 2400)
(1252, 2850, 2550)
(1253, 2850, 2700)
(1254, 2850, 2850)
(1255, 2850, 3000)
(1256, 2850, 3150)
(1257, 2850, 3300)
(1258, 2850, 3450)
(1259, 2850, 3600)
(1260, 2850, 3750)
(1261, 2850, 3900)
(1262, 2850, 4050)
(1263, 2850, 4200)
(1264, 2850, 4350)
(1265, 2850, 4500)
(1266, 2850, 4650)
(1267, 2850, 4800)
(1268, 2850, 4950)
(1269, 2850, 5100)
(1270, 2850, 5250)
(1271, 2850, 5400)
(1272, 2850, 5550)
(1273, 2850, 5700)
(1274, 2850, 5850)
(1275, 2850, 6000)
(1276, 2850, 6150)
(1277, 2850, 6300)
(1278, 2850, 6450)
(1279, 2850, 6600)
(1280, 2850, 6750)
(1281, 2850, 6900)
(1282, 2850, 7050)
(1283, 2850, 7200)
(1284, 2850, 7350)
(1285, 2850, 7500)
(1286, 2850, 7650)
(1287, 2850, 7800)
(1288, 2850, 7950)
(1289, 2850, 8100)
(1290, 2850, 8250)
(1291, 2850, 8400)
(1292, 2850, 8550)
(1293, 2850, 8700)
(1294, 2850, 8850)
(1295, 2850, 9000)
(1296, 2850, 9150)
(1297, 2850, 9300)
(1298, 2850, 9450)
(1299, 2850, 9600)
(1300, 3000, 0)
(1301, 3000, 150)
(1302, 3000, 300)
(1303, 3000, 450)
(1304, 3000, 600)
(1305, 3000, 750)
(1306, 3000, 900)
(1307, 3000, 1050)
(1308, 3000, 1200)
(1309, 3000, 1350)
(1310, 3000, 1500)
(1311, 3000, 1650)
(1312, 3000, 1800)
(1313, 3000, 1950)
(1314, 3000, 2100)
(1315, 3000, 2250)
(1316, 3000, 2400)
(1317, 3000, 2550)
(1318, 3000, 2700)
(1319, 3000, 2850)
(1320, 3000, 3000)
(1321, 3000, 3150)
(1322, 3000, 3300)
(1323, 3000, 3450)
(1324, 3000, 3600)
(1325, 3000, 3750)
(1326, 3000, 3900)
(1327, 3000, 4050)
(1328, 3000, 4200)
(1329, 3000, 4350)
(1330, 3000, 4500)
(1331, 3000, 4650)
(1332, 3000, 4800)
(1333, 3000, 4950)
(1334, 3000, 5100)
(1335, 3000, 5250)
(1336, 3000, 5400)
(1337, 3000, 5550)
(1338, 3000, 5700)
(1339, 3000, 5850)
(1340, 3000, 6000)
(1341, 3000, 6150)
(1342, 3000, 6300)
(1343, 3000, 6450)
(1344, 3000, 6600)
(1345, 3000, 6750)
(1346, 3000, 6900)
(1347, 3000, 7050)
(1348, 3000, 7200)
(1349, 3000, 7350)
(1350, 3000, 7500)
(1351, 3000, 7650)
(1352, 3000, 7800)
(1353, 3000, 7950)
(1354, 3000, 8100)
(1355, 3000, 8250)
(1356, 3000, 8400)
(1357, 3000, 8550)
(1358, 3000, 8700)
(1359, 3000, 8850)
(1360, 3000, 9000)
(1361, 3000, 9150)
(1362, 3000, 9300)
(1363, 3000, 9450)
(1364, 3000, 9600)
(1365, 3150, 0)
(1366, 3150, 150)
(1367, 3150, 300)
(1368, 3150, 450)
(1369, 3150, 600)
(1370, 3150, 750)
(1371, 3150, 900)
(1372, 3150, 1050)
(1373, 3150, 1200)
(1374, 3150, 1350)
(1375, 3150, 1500)
(1376, 3150, 1650)
(1377, 3150, 1800)
(1378, 3150, 1950)
(1379, 3150, 2100)
(1380, 3150, 2250)
(1381, 3150, 2400)
(1382, 3150, 2550)
(1383, 3150, 2700)
(1384, 3150, 2850)
(1385, 3150, 3000)
(1386, 3150, 3150)
(1387, 3150, 3300)
(1388, 3150, 3450)
(1389, 3150, 3600)
(1390, 3150, 3750)
(1391, 3150, 3900)
(1392, 3150, 4050)
(1393, 3150, 4200)
(1394, 3150, 4350)
(1395, 3150, 4500)
(1396, 3150, 4650)
(1397, 3150, 4800)
(1398, 3150, 4950)
(1399, 3150, 5100)
(1400, 3150, 5250)
(1401, 3150, 5400)
(1402, 3150, 5550)
(1403, 3150, 5700)
(1404, 3150, 5850)
(1405, 3150, 6000)
(1406, 3150, 6150)
(1407, 3150, 6300)
(1408, 3150, 6450)
(1409, 3150, 6600)
(1410, 3150, 6750)
(1411, 3150, 6900)
(1412, 3150, 7050)
(1413, 3150, 7200)
(1414, 3150, 7350)
(1415, 3150, 7500)
(1416, 3150, 7650)
(1417, 3150, 7800)
(1418, 3150, 7950)
(1419, 3150, 8100)
(1420, 3150, 8250)
(1421, 3150, 8400)
(1422, 3150, 8550)
(1423, 3150, 8700)
(1424, 3150, 8850)
(1425, 3150, 9000)
(1426, 3150, 9150)
(1427, 3150, 9300)
(1428, 3150, 9450)
(1429, 3150, 9600)
(1430, 3300, 0)
(1431, 3300, 150)
(1432, 3300, 300)
(1433, 3300, 450)
(1434, 3300, 600)
(1435, 3300, 750)
(1436, 3300, 900)
(1437, 3300, 1050)
(1438, 3300, 1200)
(1439, 3300, 1350)
(1440, 3300, 1500)
(1441, 3300, 1650)
(1442, 3300, 1800)
(1443, 3300, 1950)
(1444, 3300, 2100)
(1445, 3300, 2250)
(1446, 3300, 2400)
(1447, 3300, 2550)
(1448, 3300, 2700)
(1449, 3300, 2850)
(1450, 3300, 3000)
(1451, 3300, 3150)
(1452, 3300, 3300)
(1453, 3300, 3450)
(1454, 3300, 3600)
(1455, 3300, 3750)
(1456, 3300, 3900)
(1457, 3300, 4050)
(1458, 3300, 4200)
(1459, 3300, 4350)
(1460, 3300, 4500)
(1461, 3300, 4650)
(1462, 3300, 4800)
(1463, 3300, 4950)
(1464, 3300, 5100)
(1465, 3300, 5250)
(1466, 3300, 5400)
(1467, 3300, 5550)
(1468, 3300, 5700)
(1469, 3300, 5850)
(1470, 3300, 6000)
(1471, 3300, 6150)
(1472, 3300, 6300)
(1473, 3300, 6450)
(1474, 3300, 6600)
(1475, 3300, 6750)
(1476, 3300, 6900)
(1477, 3300, 7050)
(1478, 3300, 7200)
(1479, 3300, 7350)
(1480, 3300, 7500)
(1481, 3300, 7650)
(1482, 3300, 7800)
(1483, 3300, 7950)
(1484, 3300, 8100)
(1485, 3300, 8250)
(1486, 3300, 8400)
(1487, 3300, 8550)
(1488, 3300, 8700)
(1489, 3300, 8850)
(1490, 3300, 9000)
(1491, 3300, 9150)
(1492, 3300, 9300)
(1493, 3300, 9450)
(1494, 3300, 9600)
(1495, 3450, 0)
(1496, 3450, 150)
(1497, 3450, 300)
(1498, 3450, 450)
(1499, 3450, 600)
(1500, 3450, 750)
(1501, 3450, 900)
(1502, 3450, 1050)
(1503, 3450, 1200)
(1504, 3450, 1350)
(1505, 3450, 1500)
(1506, 3450, 1650)
(1507, 3450, 1800)
(1508, 3450, 1950)
(1509, 3450, 2100)
(1510, 3450, 2250)
(1511, 3450, 2400)
(1512, 3450, 2550)
(1513, 3450, 2700)
(1514, 3450, 2850)
(1515, 3450, 3000)
(1516, 3450, 3150)
(1517, 3450, 3300)
(1518, 3450, 3450)
(1519, 3450, 3600)
(1520, 3450, 3750)
(1521, 3450, 3900)
(1522, 3450, 4050)
(1523, 3450, 4200)
(1524, 3450, 4350)
(1525, 3450, 4500)
(1526, 3450, 4650)
(1527, 3450, 4800)
(1528, 3450, 4950)
(1529, 3450, 5100)
(1530, 3450, 5250)
(1531, 3450, 5400)
(1532, 3450, 5550)
(1533, 3450, 5700)
(1534, 3450, 5850)
(1535, 3450, 6000)
(1536, 3450, 6150)
(1537, 3450, 6300)
(1538, 3450, 6450)
(1539, 3450, 6600)
(1540, 3450, 6750)
(1541, 3450, 6900)
(1542, 3450, 7050)
(1543, 3450, 7200)
(1544, 3450, 7350)
(1545, 3450, 7500)
(1546, 3450, 7650)
(1547, 3450, 7800)
(1548, 3450, 7950)
(1549, 3450, 8100)
(1550, 3450, 8250)
(1551, 3450, 8400)
(1552, 3450, 8550)
(1553, 3450, 8700)
(1554, 3450, 8850)
(1555, 3450, 9000)
(1556, 3450, 9150)
(1557, 3450, 9300)
(1558, 3450, 9450)
(1559, 3450, 9600)
(1560, 3600, 0)
(1561, 3600, 150)
(1562, 3600, 300)
(1563, 3600, 450)
(1564, 3600, 600)
(1565, 3600, 750)
(1566, 3600, 900)
(1567, 3600, 1050)
(1568, 3600, 1200)
(1569, 3600, 1350)
(1570, 3600, 1500)
(1571, 3600, 1650)
(1572, 3600, 1800)
(1573, 3600, 1950)
(1574, 3600, 2100)
(1575, 3600, 2250)
(1576, 3600, 2400)
(1577, 3600, 2550)
(1578, 3600, 2700)
(1579, 3600, 2850)
(1580, 3600, 3000)
(1581, 3600, 3150)
(1582, 3600, 3300)
(1583, 3600, 3450)
(1584, 3600, 3600)
(1585, 3600, 3750)
(1586, 3600, 3900)
(1587, 3600, 4050)
(1588, 3600, 4200)
(1589, 3600, 4350)
(1590, 3600, 4500)
(1591, 3600, 4650)
(1592, 3600, 4800)
(1593, 3600, 4950)
(1594, 3600, 5100)
(1595, 3600, 5250)
(1596, 3600, 5400)
(1597, 3600, 5550)
(1598, 3600, 5700)
(1599, 3600, 5850)
(1600, 3600, 6000)
(1601, 3600, 6150)
(1602, 3600, 6300)
(1603, 3600, 6450)
(1604, 3600, 6600)
(1605, 3600, 6750)
(1606, 3600, 6900)
(1607, 3600, 7050)
(1608, 3600, 7200)
(1609, 3600, 7350)
(1610, 3600, 7500)
(1611, 3600, 7650)
(1612, 3600, 7800)
(1613, 3600, 7950)
(1614, 3600, 8100)
(1615, 3600, 8250)
(1616, 3600, 8400)
(1617, 3600, 8550)
(1618, 3600, 8700)
(1619, 3600, 8850)
(1620, 3600, 9000)
(1621, 3600, 9150)
(1622, 3600, 9300)
(1623, 3600, 9450)
(1624, 3600, 9600)
(1625, 3750, 0)
(1626, 3750, 150)
(1627, 3750, 300)
(1628, 3750, 450)
(1629, 3750, 600)
(1630, 3750, 750)
(1631, 3750, 900)
(1632, 3750, 1050)
(1633, 3750, 1200)
(1634, 3750, 1350)
(1635, 3750, 1500)
(1636, 3750, 1650)
(1637, 3750, 1800)
(1638, 3750, 1950)
(1639, 3750, 2100)
(1640, 3750, 2250)
(1641, 3750, 2400)
(1642, 3750, 2550)
(1643, 3750, 2700)
(1644, 3750, 2850)
(1645, 3750, 3000)
(1646, 3750, 3150)
(1647, 3750, 3300)
(1648, 3750, 3450)
(1649, 3750, 3600)
(1650, 3750, 3750)
(1651, 3750, 3900)
(1652, 3750, 4050)
(1653, 3750, 4200)
(1654, 3750, 4350)
(1655, 3750, 4500)
(1656, 3750, 4650)
(1657, 3750, 4800)
(1658, 3750, 4950)
(1659, 3750, 5100)
(1660, 3750, 5250)
(1661, 3750, 5400)
(1662, 3750, 5550)
(1663, 3750, 5700)
(1664, 3750, 5850)
(1665, 3750, 6000)
(1666, 3750, 6150)
(1667, 3750, 6300)
(1668, 3750, 6450)
(1669, 3750, 6600)
(1670, 3750, 6750)
(1671, 3750, 6900)
(1672, 3750, 7050)
(1673, 3750, 7200)
(1674, 3750, 7350)
(1675, 3750, 7500)
(1676, 3750, 7650)
(1677, 3750, 7800)
(1678, 3750, 7950)
(1679, 3750, 8100)
(1680, 3750, 8250)
(1681, 3750, 8400)
(1682, 3750, 8550)
(1683, 3750, 8700)
(1684, 3750, 8850)
(1685, 3750, 9000)
(1686, 3750, 9150)
(1687, 3750, 9300)
(1688, 3750, 9450)
(1689, 3750, 9600)
(1690, 3900, 0)
(1691, 3900, 150)
(1692, 3900, 300)
(1693, 3900, 450)
(1694, 3900, 600)
(1695, 3900, 750)
(1696, 3900, 900)
(1697, 3900, 1050)
(1698, 3900, 1200)
(1699, 3900, 1350)
(1700, 3900, 1500)
(1701, 3900, 1650)
(1702, 3900, 1800)
(1703, 3900, 1950)
(1704, 3900, 2100)
(1705, 3900, 2250)
(1706, 3900, 2400)
(1707, 3900, 2550)
(1708, 3900, 2700)
(1709, 3900, 2850)
(1710, 3900, 3000)
(1711, 3900, 3150)
(1712, 3900, 3300)
(1713, 3900, 3450)
(1714, 3900, 3600)
(1715, 3900, 3750)
(1716, 3900, 3900)
(1717, 3900, 4050)
(1718, 3900, 4200)
(1719, 3900, 4350)
(1720, 3900, 4500)
(1721, 3900, 4650)
(1722, 3900, 4800)
(1723, 3900, 4950)
(1724, 3900, 5100)
(1725, 3900, 5250)
(1726, 3900, 5400)
(1727, 3900, 5550)
(1728, 3900, 5700)
(1729, 3900, 5850)
(1730, 3900, 6000)
(1731, 3900, 6150)
(1732, 3900, 6300)
(1733, 3900, 6450)
(1734, 3900, 6600)
(1735, 3900, 6750)
(1736, 3900, 6900)
(1737, 3900, 7050)
(1738, 3900, 7200)
(1739, 3900, 7350)
(1740, 3900, 7500)
(1741, 3900, 7650)
(1742, 3900, 7800)
(1743, 3900, 7950)
(1744, 3900, 8100)
(1745, 3900, 8250)
(1746, 3900, 8400)
(1747, 3900, 8550)
(1748, 3900, 8700)
(1749, 3900, 8850)
(1750, 3900, 9000)
(1751, 3900, 9150)
(1752, 3900, 9300)
(1753, 3900, 9450)
(1754, 3900, 9600)
(1755, 4050, 0)
(1756, 4050, 150)
(1757, 4050, 300)
(1758, 4050, 450)
(1759, 4050, 600)
(1760, 4050, 750)
(1761, 4050, 900)
(1762, 4050, 1050)
(1763, 4050, 1200)
(1764, 4050, 1350)
(1765, 4050, 1500)
(1766, 4050, 1650)
(1767, 4050, 1800)
(1768, 4050, 1950)
(1769, 4050, 2100)
(1770, 4050, 2250)
(1771, 4050, 2400)
(1772, 4050, 2550)
(1773, 4050, 2700)
(1774, 4050, 2850)
(1775, 4050, 3000)
(1776, 4050, 3150)
(1777, 4050, 3300)
(1778, 4050, 3450)
(1779, 4050, 3600)
(1780, 4050, 3750)
(1781, 4050, 3900)
(1782, 4050, 4050)
(1783, 4050, 4200)
(1784, 4050, 4350)
(1785, 4050, 4500)
(1786, 4050, 4650)
(1787, 4050, 4800)
(1788, 4050, 4950)
(1789, 4050, 5100)
(1790, 4050, 5250)
(1791, 4050, 5400)
(1792, 4050, 5550)
(1793, 4050, 5700)
(1794, 4050, 5850)
(1795, 4050, 6000)
(1796, 4050, 6150)
(1797, 4050, 6300)
(1798, 4050, 6450)
(1799, 4050, 6600)
(1800, 4050, 6750)
(1801, 4050, 6900)
(1802, 4050, 7050)
(1803, 4050, 7200)
(1804, 4050, 7350)
(1805, 4050, 7500)
(1806, 4050, 7650)
(1807, 4050, 7800)
(1808, 4050, 7950)
(1809, 4050, 8100)
(1810, 4050, 8250)
(1811, 4050, 8400)
(1812, 4050, 8550)
(1813, 4050, 8700)
(1814, 4050, 8850)
(1815, 4050, 9000)
(1816, 4050, 9150)
(1817, 4050, 9300)
(1818, 4050, 9450)
(1819, 4050, 9600)
(1820, 4200, 0)
(1821, 4200, 150)
(1822, 4200, 300)
(1823, 4200, 450)
(1824, 4200, 600)
(1825, 4200, 750)
(1826, 4200, 900)
(1827, 4200, 1050)
(1828, 4200, 1200)
(1829, 4200, 1350)
(1830, 4200, 1500)
(1831, 4200, 1650)
(1832, 4200, 1800)
(1833, 4200, 1950)
(1834, 4200, 2100)
(1835, 4200, 2250)
(1836, 4200, 2400)
(1837, 4200, 2550)
(1838, 4200, 2700)
(1839, 4200, 2850)
(1840, 4200, 3000)
(1841, 4200, 3150)
(1842, 4200, 3300)
(1843, 4200, 3450)
(1844, 4200, 3600)
(1845, 4200, 3750)
(1846, 4200, 3900)
(1847, 4200, 4050)
(1848, 4200, 4200)
(1849, 4200, 4350)
(1850, 4200, 4500)
(1851, 4200, 4650)
(1852, 4200, 4800)
(1853, 4200, 4950)
(1854, 4200, 5100)
(1855, 4200, 5250)
(1856, 4200, 5400)
(1857, 4200, 5550)
(1858, 4200, 5700)
(1859, 4200, 5850)
(1860, 4200, 6000)
(1861, 4200, 6150)
(1862, 4200, 6300)
(1863, 4200, 6450)
(1864, 4200, 6600)
(1865, 4200, 6750)
(1866, 4200, 6900)
(1867, 4200, 7050)
(1868, 4200, 7200)
(1869, 4200, 7350)
(1870, 4200, 7500)
(1871, 4200, 7650)
(1872, 4200, 7800)
(1873, 4200, 7950)
(1874, 4200, 8100)
(1875, 4200, 8250)
(1876, 4200, 8400)
(1877, 4200, 8550)
(1878, 4200, 8700)
(1879, 4200, 8850)
(1880, 4200, 9000)
(1881, 4200, 9150)
(1882, 4200, 9300)
(1883, 4200, 9450)
(1884, 4200, 9600)
(1885, 4350, 0)
(1886, 4350, 150)
(1887, 4350, 300)
(1888, 4350, 450)
(1889, 4350, 600)
(1890, 4350, 750)
(1891, 4350, 900)
(1892, 4350, 1050)
(1893, 4350, 1200)
(1894, 4350, 1350)
(1895, 4350, 1500)
(1896, 4350, 1650)
(1897, 4350, 1800)
(1898, 4350, 1950)
(1899, 4350, 2100)
(1900, 4350, 2250)
(1901, 4350, 2400)
(1902, 4350, 2550)
(1903, 4350, 2700)
(1904, 4350, 2850)
(1905, 4350, 3000)
(1906, 4350, 3150)
(1907, 4350, 3300)
(1908, 4350, 3450)
(1909, 4350, 3600)
(1910, 4350, 3750)
(1911, 4350, 3900)
(1912, 4350, 4050)
(1913, 4350, 4200)
(1914, 4350, 4350)
(1915, 4350, 4500)
(1916, 4350, 4650)
(1917, 4350, 4800)
(1918, 4350, 4950)
(1919, 4350, 5100)
(1920, 4350, 5250)
(1921, 4350, 5400)
(1922, 4350, 5550)
(1923, 4350, 5700)
(1924, 4350, 5850)
(1925, 4350, 6000)
(1926, 4350, 6150)
(1927, 4350, 6300)
(1928, 4350, 6450)
(1929, 4350, 6600)
(1930, 4350, 6750)
(1931, 4350, 6900)
(1932, 4350, 7050)
(1933, 4350, 7200)
(1934, 4350, 7350)
(1935, 4350, 7500)
(1936, 4350, 7650)
(1937, 4350, 7800)
(1938, 4350, 7950)
(1939, 4350, 8100)
(1940, 4350, 8250)
(1941, 4350, 8400)
(1942, 4350, 8550)
(1943, 4350, 8700)
(1944, 4350, 8850)
(1945, 4350, 9000)
(1946, 4350, 9150)
(1947, 4350, 9300)
(1948, 4350, 9450)
(1949, 4350, 9600)
(1950, 4500, 0)
(1951, 4500, 150)
(1952, 4500, 300)
(1953, 4500, 450)
(1954, 4500, 600)
(1955, 4500, 750)
(1956, 4500, 900)
(1957, 4500, 1050)
(1958, 4500, 1200)
(1959, 4500, 1350)
(1960, 4500, 1500)
(1961, 4500, 1650)
(1962, 4500, 1800)
(1963, 4500, 1950)
(1964, 4500, 2100)
(1965, 4500, 2250)
(1966, 4500, 2400)
(1967, 4500, 2550)
(1968, 4500, 2700)
(1969, 4500, 2850)
(1970, 4500, 3000)
(1971, 4500, 3150)
(1972, 4500, 3300)
(1973, 4500, 3450)
(1974, 4500, 3600)
(1975, 4500, 3750)
(1976, 4500, 3900)
(1977, 4500, 4050)
(1978, 4500, 4200)
(1979, 4500, 4350)
(1980, 4500, 4500)
(1981, 4500, 4650)
(1982, 4500, 4800)
(1983, 4500, 4950)
(1984, 4500, 5100)
(1985, 4500, 5250)
(1986, 4500, 5400)
(1987, 4500, 5550)
(1988, 4500, 5700)
(1989, 4500, 5850)
(1990, 4500, 6000)
(1991, 4500, 6150)
(1992, 4500, 6300)
(1993, 4500, 6450)
(1994, 4500, 6600)
(1995, 4500, 6750)
(1996, 4500, 6900)
(1997, 4500, 7050)
(1998, 4500, 7200)
(1999, 4500, 7350)
(2000, 4500, 7500)
(2001, 4500, 7650)
(2002, 4500, 7800)
(2003, 4500, 7950)
(2004, 4500, 8100)
(2005, 4500, 8250)
(2006, 4500, 8400)
(2007, 4500, 8550)
(2008, 4500, 8700)
(2009, 4500, 8850)
(2010, 4500, 9000)
(2011, 4500, 9150)
(2012, 4500, 9300)
(2013, 4500, 9450)
(2014, 4500, 9600)
(2015, 4650, 0)
(2016, 4650, 150)
(2017, 4650, 300)
(2018, 4650, 450)
(2019, 4650, 600)
(2020, 4650, 750)
(2021, 4650, 900)
(2022, 4650, 1050)
(2023, 4650, 1200)
(2024, 4650, 1350)
(2025, 4650, 1500)
(2026, 4650, 1650)
(2027, 4650, 1800)
(2028, 4650, 1950)
(2029, 4650, 2100)
(2030, 4650, 2250)
(2031, 4650, 2400)
(2032, 4650, 2550)
(2033, 4650, 2700)
(2034, 4650, 2850)
(2035, 4650, 3000)
(2036, 4650, 3150)
(2037, 4650, 3300)
(2038, 4650, 3450)
(2039, 4650, 3600)
(2040, 4650, 3750)
(2041, 4650, 3900)
(2042, 4650, 4050)
(2043, 4650, 4200)
(2044, 4650, 4350)
(2045, 4650, 4500)
(2046, 4650, 4650)
(2047, 4650, 4800)
(2048, 4650, 4950)
(2049, 4650, 5100)
(2050, 4650, 5250)
(2051, 4650, 5400)
(2052, 4650, 5550)
(2053, 4650, 5700)
(2054, 4650, 5850)
(2055, 4650, 6000)
(2056, 4650, 6150)
(2057, 4650, 6300)
(2058, 4650, 6450)
(2059, 4650, 6600)
(2060, 4650, 6750)
(2061, 4650, 6900)
(2062, 4650, 7050)
(2063, 4650, 7200)
(2064, 4650, 7350)
(2065, 4650, 7500)
(2066, 4650, 7650)
(2067, 4650, 7800)
(2068, 4650, 7950)
(2069, 4650, 8100)
(2070, 4650, 8250)
(2071, 4650, 8400)
(2072, 4650, 8550)
(2073, 4650, 8700)
(2074, 4650, 8850)
(2075, 4650, 9000)
(2076, 4650, 9150)
(2077, 4650, 9300)
(2078, 4650, 9450)
(2079, 4650, 9600)
(2080, 4800, 0)
(2081, 4800, 150)
(2082, 4800, 300)
(2083, 4800, 450)
(2084, 4800, 600)
(2085, 4800, 750)
(2086, 4800, 900)
(2087, 4800, 1050)
(2088, 4800, 1200)
(2089, 4800, 1350)
(2090, 4800, 1500)
(2091, 4800, 1650)
(2092, 4800, 1800)
(2093, 4800, 1950)
(2094, 4800, 2100)
(2095, 4800, 2250)
(2096, 4800, 2400)
(2097, 4800, 2550)
(2098, 4800, 2700)
(2099, 4800, 2850)
(2100, 4800, 3000)
(2101, 4800, 3150)
(2102, 4800, 3300)
(2103, 4800, 3450)
(2104, 4800, 3600)
(2105, 4800, 3750)
(2106, 4800, 3900)
(2107, 4800, 4050)
(2108, 4800, 4200)
(2109, 4800, 4350)
(2110, 4800, 4500)
(2111, 4800, 4650)
(2112, 4800, 4800)
(2113, 4800, 4950)
(2114, 4800, 5100)
(2115, 4800, 5250)
(2116, 4800, 5400)
(2117, 4800, 5550)
(2118, 4800, 5700)
(2119, 4800, 5850)
(2120, 4800, 6000)
(2121, 4800, 6150)
(2122, 4800, 6300)
(2123, 4800, 6450)
(2124, 4800, 6600)
(2125, 4800, 6750)
(2126, 4800, 6900)
(2127, 4800, 7050)
(2128, 4800, 7200)
(2129, 4800, 7350)
(2130, 4800, 7500)
(2131, 4800, 7650)
(2132, 4800, 7800)
(2133, 4800, 7950)
(2134, 4800, 8100)
(2135, 4800, 8250)
(2136, 4800, 8400)
(2137, 4800, 8550)
(2138, 4800, 8700)
(2139, 4800, 8850)
(2140, 4800, 9000)
(2141, 4800, 9150)
(2142, 4800, 9300)
(2143, 4800, 9450)
(2144, 4800, 9600)
(2145, 4950, 0)
(2146, 4950, 150)
(2147, 4950, 300)
(2148, 4950, 450)
(2149, 4950, 600)
(2150, 4950, 750)
(2151, 4950, 900)
(2152, 4950, 1050)
(2153, 4950, 1200)
(2154, 4950, 1350)
(2155, 4950, 1500)
(2156, 4950, 1650)
(2157, 4950, 1800)
(2158, 4950, 1950)
(2159, 4950, 2100)
(2160, 4950, 2250)
(2161, 4950, 2400)
(2162, 4950, 2550)
(2163, 4950, 2700)
(2164, 4950, 2850)
(2165, 4950, 3000)
(2166, 4950, 3150)
(2167, 4950, 3300)
(2168, 4950, 3450)
(2169, 4950, 3600)
(2170, 4950, 3750)
(2171, 4950, 3900)
(2172, 4950, 4050)
(2173, 4950, 4200)
(2174, 4950, 4350)
(2175, 4950, 4500)
(2176, 4950, 4650)
(2177, 4950, 4800)
(2178, 4950, 4950)
(2179, 4950, 5100)
(2180, 4950, 5250)
(2181, 4950, 5400)
(2182, 4950, 5550)
(2183, 4950, 5700)
(2184, 4950, 5850)
(2185, 4950, 6000)
(2186, 4950, 6150)
(2187, 4950, 6300)
(2188, 4950, 6450)
(2189, 4950, 6600)
(2190, 4950, 6750)
(2191, 4950, 6900)
(2192, 4950, 7050)
(2193, 4950, 7200)
(2194, 4950, 7350)
(2195, 4950, 7500)
(2196, 4950, 7650)
(2197, 4950, 7800)
(2198, 4950, 7950)
(2199, 4950, 8100)
(2200, 4950, 8250)
(2201, 4950, 8400)
(2202, 4950, 8550)
(2203, 4950, 8700)
(2204, 4950, 8850)
(2205, 4950, 9000)
(2206, 4950, 9150)
(2207, 4950, 9300)
(2208, 4950, 9450)
(2209, 4950, 9600)
(2210, 5100, 0)
(2211, 5100, 150)
(2212, 5100, 300)
(2213, 5100, 450)
(2214, 5100, 600)
(2215, 5100, 750)
(2216, 5100, 900)
(2217, 5100, 1050)
(2218, 5100, 1200)
(2219, 5100, 1350)
(2220, 5100, 1500)
(2221, 5100, 1650)
(2222, 5100, 1800)
(2223, 5100, 1950)
(2224, 5100, 2100)
(2225, 5100, 2250)
(2226, 5100, 2400)
(2227, 5100, 2550)
(2228, 5100, 2700)
(2229, 5100, 2850)
(2230, 5100, 3000)
(2231, 5100, 3150)
(2232, 5100, 3300)
(2233, 5100, 3450)
(2234, 5100, 3600)
(2235, 5100, 3750)
(2236, 5100, 3900)
(2237, 5100, 4050)
(2238, 5100, 4200)
(2239, 5100, 4350)
(2240, 5100, 4500)
(2241, 5100, 4650)
(2242, 5100, 4800)
(2243, 5100, 4950)
(2244, 5100, 5100)
(2245, 5100, 5250)
(2246, 5100, 5400)
(2247, 5100, 5550)
(2248, 5100, 5700)
(2249, 5100, 5850)
(2250, 5100, 6000)
(2251, 5100, 6150)
(2252, 5100, 6300)
(2253, 5100, 6450)
(2254, 5100, 6600)
(2255, 5100, 6750)
(2256, 5100, 6900)
(2257, 5100, 7050)
(2258, 5100, 7200)
(2259, 5100, 7350)
(2260, 5100, 7500)
(2261, 5100, 7650)
(2262, 5100, 7800)
(2263, 5100, 7950)
(2264, 5100, 8100)
(2265, 5100, 8250)
(2266, 5100, 8400)
(2267, 5100, 8550)
(2268, 5100, 8700)
(2269, 5100, 8850)
(2270, 5100, 9000)
(2271, 5100, 9150)
(2272, 5100, 9300)
(2273, 5100, 9450)
(2274, 5100, 9600)
(2275, 5250, 0)
(2276, 5250, 150)
(2277, 5250, 300)
(2278, 5250, 450)
(2279, 5250, 600)
(2280, 5250, 750)
(2281, 5250, 900)
(2282, 5250, 1050)
(2283, 5250, 1200)
(2284, 5250, 1350)
(2285, 5250, 1500)
(2286, 5250, 1650)
(2287, 5250, 1800)
(2288, 5250, 1950)
(2289, 5250, 2100)
(2290, 5250, 2250)
(2291, 5250, 2400)
(2292, 5250, 2550)
(2293, 5250, 2700)
(2294, 5250, 2850)
(2295, 5250, 3000)
(2296, 5250, 3150)
(2297, 5250, 3300)
(2298, 5250, 3450)
(2299, 5250, 3600)
(2300, 5250, 3750)
(2301, 5250, 3900)
(2302, 5250, 4050)
(2303, 5250, 4200)
(2304, 5250, 4350)
(2305, 5250, 4500)
(2306, 5250, 4650)
(2307, 5250, 4800)
(2308, 5250, 4950)
(2309, 5250, 5100)
(2310, 5250, 5250)
(2311, 5250, 5400)
(2312, 5250, 5550)
(2313, 5250, 5700)
(2314, 5250, 5850)
(2315, 5250, 6000)
(2316, 5250, 6150)
(2317, 5250, 6300)
(2318, 5250, 6450)
(2319, 5250, 6600)
(2320, 5250, 6750)
(2321, 5250, 6900)
(2322, 5250, 7050)
(2323, 5250, 7200)
(2324, 5250, 7350)
(2325, 5250, 7500)
(2326, 5250, 7650)
(2327, 5250, 7800)
(2328, 5250, 7950)
(2329, 5250, 8100)
(2330, 5250, 8250)
(2331, 5250, 8400)
(2332, 5250, 8550)
(2333, 5250, 8700)
(2334, 5250, 8850)
(2335, 5250, 9000)
(2336, 5250, 9150)
(2337, 5250, 9300)
(2338, 5250, 9450)
(2339, 5250, 9600)
(2340, 5400, 0)
(2341, 5400, 150)
(2342, 5400, 300)
(2343, 5400, 450)
(2344, 5400, 600)
(2345, 5400, 750)
(2346, 5400, 900)
(2347, 5400, 1050)
(2348, 5400, 1200)
(2349, 5400, 1350)
(2350, 5400, 1500)
(2351, 5400, 1650)
(2352, 5400, 1800)
(2353, 5400, 1950)
(2354, 5400, 2100)
(2355, 5400, 2250)
(2356, 5400, 2400)
(2357, 5400, 2550)
(2358, 5400, 2700)
(2359, 5400, 2850)
(2360, 5400, 3000)
(2361, 5400, 3150)
(2362, 5400, 3300)
(2363, 5400, 3450)
(2364, 5400, 3600)
(2365, 5400, 3750)
(2366, 5400, 3900)
(2367, 5400, 4050)
(2368, 5400, 4200)
(2369, 5400, 4350)
(2370, 5400, 4500)
(2371, 5400, 4650)
(2372, 5400, 4800)
(2373, 5400, 4950)
(2374, 5400, 5100)
(2375, 5400, 5250)
(2376, 5400, 5400)
(2377, 5400, 5550)
(2378, 5400, 5700)
(2379, 5400, 5850)
(2380, 5400, 6000)
(2381, 5400, 6150)
(2382, 5400, 6300)
(2383, 5400, 6450)
(2384, 5400, 6600)
(2385, 5400, 6750)
(2386, 5400, 6900)
(2387, 5400, 7050)
(2388, 5400, 7200)
(2389, 5400, 7350)
(2390, 5400, 7500)
(2391, 5400, 7650)
(2392, 5400, 7800)
(2393, 5400, 7950)
(2394, 5400, 8100)
(2395, 5400, 8250)
(2396, 5400, 8400)
(2397, 5400, 8550)
(2398, 5400, 8700)
(2399, 5400, 8850)
(2400, 5400, 9000)
(2401, 5400, 9150)
(2402, 5400, 9300)
(2403, 5400, 9450)
(2404, 5400, 9600)
(2405, 5550, 0)
(2406, 5550, 150)
(2407, 5550, 300)
(2408, 5550, 450)
(2409, 5550, 600)
(2410, 5550, 750)
(2411, 5550, 900)
(2412, 5550, 1050)
(2413, 5550, 1200)
(2414, 5550, 1350)
(2415, 5550, 1500)
(2416, 5550, 1650)
(2417, 5550, 1800)
(2418, 5550, 1950)
(2419, 5550, 2100)
(2420, 5550, 2250)
(2421, 5550, 2400)
(2422, 5550, 2550)
(2423, 5550, 2700)
(2424, 5550, 2850)
(2425, 5550, 3000)
(2426, 5550, 3150)
(2427, 5550, 3300)
(2428, 5550, 3450)
(2429, 5550, 3600)
(2430, 5550, 3750)
(2431, 5550, 3900)
(2432, 5550, 4050)
(2433, 5550, 4200)
(2434, 5550, 4350)
(2435, 5550, 4500)
(2436, 5550, 4650)
(2437, 5550, 4800)
(2438, 5550, 4950)
(2439, 5550, 5100)
(2440, 5550, 5250)
(2441, 5550, 5400)
(2442, 5550, 5550)
(2443, 5550, 5700)
(2444, 5550, 5850)
(2445, 5550, 6000)
(2446, 5550, 6150)
(2447, 5550, 6300)
(2448, 5550, 6450)
(2449, 5550, 6600)
(2450, 5550, 6750)
(2451, 5550, 6900)
(2452, 5550, 7050)
(2453, 5550, 7200)
(2454, 5550, 7350)
(2455, 5550, 7500)
(2456, 5550, 7650)
(2457, 5550, 7800)
(2458, 5550, 7950)
(2459, 5550, 8100)
(2460, 5550, 8250)
(2461, 5550, 8400)
(2462, 5550, 8550)
(2463, 5550, 8700)
(2464, 5550, 8850)
(2465, 5550, 9000)
(2466, 5550, 9150)
(2467, 5550, 9300)
(2468, 5550, 9450)
(2469, 5550, 9600)
(2470, 5700, 0)
(2471, 5700, 150)
(2472, 5700, 300)
(2473, 5700, 450)
(2474, 5700, 600)
(2475, 5700, 750)
(2476, 5700, 900)
(2477, 5700, 1050)
(2478, 5700, 1200)
(2479, 5700, 1350)
(2480, 5700, 1500)
(2481, 5700, 1650)
(2482, 5700, 1800)
(2483, 5700, 1950)
(2484, 5700, 2100)
(2485, 5700, 2250)
(2486, 5700, 2400)
(2487, 5700, 2550)
(2488, 5700, 2700)
(2489, 5700, 2850)
(2490, 5700, 3000)
(2491, 5700, 3150)
(2492, 5700, 3300)
(2493, 5700, 3450)
(2494, 5700, 3600)
(2495, 5700, 3750)
(2496, 5700, 3900)
(2497, 5700, 4050)
(2498, 5700, 4200)
(2499, 5700, 4350)
(2500, 5700, 4500)
(2501, 5700, 4650)
(2502, 5700, 4800)
(2503, 5700, 4950)
(2504, 5700, 5100)
(2505, 5700, 5250)
(2506, 5700, 5400)
(2507, 5700, 5550)
(2508, 5700, 5700)
(2509, 5700, 5850)
(2510, 5700, 6000)
(2511, 5700, 6150)
(2512, 5700, 6300)
(2513, 5700, 6450)
(2514, 5700, 6600)
(2515, 5700, 6750)
(2516, 5700, 6900)
(2517, 5700, 7050)
(2518, 5700, 7200)
(2519, 5700, 7350)
(2520, 5700, 7500)
(2521, 5700, 7650)
(2522, 5700, 7800)
(2523, 5700, 7950)
(2524, 5700, 8100)
(2525, 5700, 8250)
(2526, 5700, 8400)
(2527, 5700, 8550)
(2528, 5700, 8700)
(2529, 5700, 8850)
(2530, 5700, 9000)
(2531, 5700, 9150)
(2532, 5700, 9300)
(2533, 5700, 9450)
(2534, 5700, 9600)
(2535, 5850, 0)
(2536, 5850, 150)
(2537, 5850, 300)
(2538, 5850, 450)
(2539, 5850, 600)
(2540, 5850, 750)
(2541, 5850, 900)
(2542, 5850, 1050)
(2543, 5850, 1200)
(2544, 5850, 1350)
(2545, 5850, 1500)
(2546, 5850, 1650)
(2547, 5850, 1800)
(2548, 5850, 1950)
(2549, 5850, 2100)
(2550, 5850, 2250)
(2551, 5850, 2400)
(2552, 5850, 2550)
(2553, 5850, 2700)
(2554, 5850, 2850)
(2555, 5850, 3000)
(2556, 5850, 3150)
(2557, 5850, 3300)
(2558, 5850, 3450)
(2559, 5850, 3600)
(2560, 5850, 3750)
(2561, 5850, 3900)
(2562, 5850, 4050)
(2563, 5850, 4200)
(2564, 5850, 4350)
(2565, 5850, 4500)
(2566, 5850, 4650)
(2567, 5850, 4800)
(2568, 5850, 4950)
(2569, 5850, 5100)
(2570, 5850, 5250)
(2571, 5850, 5400)
(2572, 5850, 5550)
(2573, 5850, 5700)
(2574, 5850, 5850)
(2575, 5850, 6000)
(2576, 5850, 6150)
(2577, 5850, 6300)
(2578, 5850, 6450)
(2579, 5850, 6600)
(2580, 5850, 6750)
(2581, 5850, 6900)
(2582, 5850, 7050)
(2583, 5850, 7200)
(2584, 5850, 7350)
(2585, 5850, 7500)
(2586, 5850, 7650)
(2587, 5850, 7800)
(2588, 5850, 7950)
(2589, 5850, 8100)
(2590, 5850, 8250)
(2591, 5850, 8400)
(2592, 5850, 8550)
(2593, 5850, 8700)
(2594, 5850, 8850)
(2595, 5850, 9000)
(2596, 5850, 9150)
(2597, 5850, 9300)
(2598, 5850, 9450)
(2599, 5850, 9600)
(2600, 6000, 0)
(2601, 6000, 150)
(2602, 6000, 300)
(2603, 6000, 450)
(2604, 6000, 600)
(2605, 6000, 750)
(2606, 6000, 900)
(2607, 6000, 1050)
(2608, 6000, 1200)
(2609, 6000, 1350)
(2610, 6000, 1500)
(2611, 6000, 1650)
(2612, 6000, 1800)
(2613, 6000, 1950)
(2614, 6000, 2100)
(2615, 6000, 2250)
(2616, 6000, 2400)
(2617, 6000, 2550)
(2618, 6000, 2700)
(2619, 6000, 2850)
(2620, 6000, 3000)
(2621, 6000, 3150)
(2622, 6000, 3300)
(2623, 6000, 3450)
(2624, 6000, 3600)
(2625, 6000, 3750)
(2626, 6000, 3900)
(2627, 6000, 4050)
(2628, 6000, 4200)
(2629, 6000, 4350)
(2630, 6000, 4500)
(2631, 6000, 4650)
(2632, 6000, 4800)
(2633, 6000, 4950)
(2634, 6000, 5100)
(2635, 6000, 5250)
(2636, 6000, 5400)
(2637, 6000, 5550)
(2638, 6000, 5700)
(2639, 6000, 5850)
(2640, 6000, 6000)
(2641, 6000, 6150)
(2642, 6000, 6300)
(2643, 6000, 6450)
(2644, 6000, 6600)
(2645, 6000, 6750)
(2646, 6000, 6900)
(2647, 6000, 7050)
(2648, 6000, 7200)
(2649, 6000, 7350)
(2650, 6000, 7500)
(2651, 6000, 7650)
(2652, 6000, 7800)
(2653, 6000, 7950)
(2654, 6000, 8100)
(2655, 6000, 8250)
(2656, 6000, 8400)
(2657, 6000, 8550)
(2658, 6000, 8700)
(2659, 6000, 8850)
(2660, 6000, 9000)
(2661, 6000, 9150)
(2662, 6000, 9300)
(2663, 6000, 9450)
(2664, 6000, 9600)
(2665, 6150, 0)
(2666, 6150, 150)
(2667, 6150, 300)
(2668, 6150, 450)
(2669, 6150, 600)
(2670, 6150, 750)
(2671, 6150, 900)
(2672, 6150, 1050)
(2673, 6150, 1200)
(2674, 6150, 1350)
(2675, 6150, 1500)
(2676, 6150, 1650)
(2677, 6150, 1800)
(2678, 6150, 1950)
(2679, 6150, 2100)
(2680, 6150, 2250)
(2681, 6150, 2400)
(2682, 6150, 2550)
(2683, 6150, 2700)
(2684, 6150, 2850)
(2685, 6150, 3000)
(2686, 6150, 3150)
(2687, 6150, 3300)
(2688, 6150, 3450)
(2689, 6150, 3600)
(2690, 6150, 3750)
(2691, 6150, 3900)
(2692, 6150, 4050)
(2693, 6150, 4200)
(2694, 6150, 4350)
(2695, 6150, 4500)
(2696, 6150, 4650)
(2697, 6150, 4800)
(2698, 6150, 4950)
(2699, 6150, 5100)
(2700, 6150, 5250)
(2701, 6150, 5400)
(2702, 6150, 5550)
(2703, 6150, 5700)
(2704, 6150, 5850)
(2705, 6150, 6000)
(2706, 6150, 6150)
(2707, 6150, 6300)
(2708, 6150, 6450)
(2709, 6150, 6600)
(2710, 6150, 6750)
(2711, 6150, 6900)
(2712, 6150, 7050)
(2713, 6150, 7200)
(2714, 6150, 7350)
(2715, 6150, 7500)
(2716, 6150, 7650)
(2717, 6150, 7800)
(2718, 6150, 7950)
(2719, 6150, 8100)
(2720, 6150, 8250)
(2721, 6150, 8400)
(2722, 6150, 8550)
(2723, 6150, 8700)
(2724, 6150, 8850)
(2725, 6150, 9000)
(2726, 6150, 9150)
(2727, 6150, 9300)
(2728, 6150, 9450)
(2729, 6150, 9600)
(2730, 6300, 0)
(2731, 6300, 150)
(2732, 6300, 300)
(2733, 6300, 450)
(2734, 6300, 600)
(2735, 6300, 750)
(2736, 6300, 900)
(2737, 6300, 1050)
(2738, 6300, 1200)
(2739, 6300, 1350)
(2740, 6300, 1500)
(2741, 6300, 1650)
(2742, 6300, 1800)
(2743, 6300, 1950)
(2744, 6300, 2100)
(2745, 6300, 2250)
(2746, 6300, 2400)
(2747, 6300, 2550)
(2748, 6300, 2700)
(2749, 6300, 2850)
(2750, 6300, 3000)
(2751, 6300, 3150)
(2752, 6300, 3300)
(2753, 6300, 3450)
(2754, 6300, 3600)
(2755, 6300, 3750)
(2756, 6300, 3900)
(2757, 6300, 4050)
(2758, 6300, 4200)
(2759, 6300, 4350)
(2760, 6300, 4500)
(2761, 6300, 4650)
(2762, 6300, 4800)
(2763, 6300, 4950)
(2764, 6300, 5100)
(2765, 6300, 5250)
(2766, 6300, 5400)
(2767, 6300, 5550)
(2768, 6300, 5700)
(2769, 6300, 5850)
(2770, 6300, 6000)
(2771, 6300, 6150)
(2772, 6300, 6300)
(2773, 6300, 6450)
(2774, 6300, 6600)
(2775, 6300, 6750)
(2776, 6300, 6900)
(2777, 6300, 7050)
(2778, 6300, 7200)
(2779, 6300, 7350)
(2780, 6300, 7500)
(2781, 6300, 7650)
(2782, 6300, 7800)
(2783, 6300, 7950)
(2784, 6300, 8100)
(2785, 6300, 8250)
(2786, 6300, 8400)
(2787, 6300, 8550)
(2788, 6300, 8700)
(2789, 6300, 8850)
(2790, 6300, 9000)
(2791, 6300, 9150)
(2792, 6300, 9300)
(2793, 6300, 9450)
(2794, 6300, 9600)
(2795, 6450, 0)
(2796, 6450, 150)
(2797, 6450, 300)
(2798, 6450, 450)
(2799, 6450, 600)
(2800, 6450, 750)
(2801, 6450, 900)
(2802, 6450, 1050)
(2803, 6450, 1200)
(2804, 6450, 1350)
(2805, 6450, 1500)
(2806, 6450, 1650)
(2807, 6450, 1800)
(2808, 6450, 1950)
(2809, 6450, 2100)
(2810, 6450, 2250)
(2811, 6450, 2400)
(2812, 6450, 2550)
(2813, 6450, 2700)
(2814, 6450, 2850)
(2815, 6450, 3000)
(2816, 6450, 3150)
(2817, 6450, 3300)
(2818, 6450, 3450)
(2819, 6450, 3600)
(2820, 6450, 3750)
(2821, 6450, 3900)
(2822, 6450, 4050)
(2823, 6450, 4200)
(2824, 6450, 4350)
(2825, 6450, 4500)
(2826, 6450, 4650)
(2827, 6450, 4800)
(2828, 6450, 4950)
(2829, 6450, 5100)
(2830, 6450, 5250)
(2831, 6450, 5400)
(2832, 6450, 5550)
(2833, 6450, 5700)
(2834, 6450, 5850)
(2835, 6450, 6000)
(2836, 6450, 6150)
(2837, 6450, 6300)
(2838, 6450, 6450)
(2839, 6450, 6600)
(2840, 6450, 6750)
(2841, 6450, 6900)
(2842, 6450, 7050)
(2843, 6450, 7200)
(2844, 6450, 7350)
(2845, 6450, 7500)
(2846, 6450, 7650)
(2847, 6450, 7800)
(2848, 6450, 7950)
(2849, 6450, 8100)
(2850, 6450, 8250)
(2851, 6450, 8400)
(2852, 6450, 8550)
(2853, 6450, 8700)
(2854, 6450, 8850)
(2855, 6450, 9000)
(2856, 6450, 9150)
(2857, 6450, 9300)
(2858, 6450, 9450)
(2859, 6450, 9600)
(2860, 6600, 0)
(2861, 6600, 150)
(2862, 6600, 300)
(2863, 6600, 450)
(2864, 6600, 600)
(2865, 6600, 750)
(2866, 6600, 900)
(2867, 6600, 1050)
(2868, 6600, 1200)
(2869, 6600, 1350)
(2870, 6600, 1500)
(2871, 6600, 1650)
(2872, 6600, 1800)
(2873, 6600, 1950)
(2874, 6600, 2100)
(2875, 6600, 2250)
(2876, 6600, 2400)
(2877, 6600, 2550)
(2878, 6600, 2700)
(2879, 6600, 2850)
(2880, 6600, 3000)
(2881, 6600, 3150)
(2882, 6600, 3300)
(2883, 6600, 3450)
(2884, 6600, 3600)
(2885, 6600, 3750)
(2886, 6600, 3900)
(2887, 6600, 4050)
(2888, 6600, 4200)
(2889, 6600, 4350)
(2890, 6600, 4500)
(2891, 6600, 4650)
(2892, 6600, 4800)
(2893, 6600, 4950)
(2894, 6600, 5100)
(2895, 6600, 5250)
(2896, 6600, 5400)
(2897, 6600, 5550)
(2898, 6600, 5700)
(2899, 6600, 5850)
(2900, 6600, 6000)
(2901, 6600, 6150)
(2902, 6600, 6300)
(2903, 6600, 6450)
(2904, 6600, 6600)
(2905, 6600, 6750)
(2906, 6600, 6900)
(2907, 6600, 7050)
(2908, 6600, 7200)
(2909, 6600, 7350)
(2910, 6600, 7500)
(2911, 6600, 7650)
(2912, 6600, 7800)
(2913, 6600, 7950)
(2914, 6600, 8100)
(2915, 6600, 8250)
(2916, 6600, 8400)
(2917, 6600, 8550)
(2918, 6600, 8700)
(2919, 6600, 8850)
(2920, 6600, 9000)
(2921, 6600, 9150)
(2922, 6600, 9300)
(2923, 6600, 9450)
(2924, 6600, 9600)
(2925, 6750, 0)
(2926, 6750, 150)
(2927, 6750, 300)
(2928, 6750, 450)
(2929, 6750, 600)
(2930, 6750, 750)
(2931, 6750, 900)
(2932, 6750, 1050)
(2933, 6750, 1200)
(2934, 6750, 1350)
(2935, 6750, 1500)
(2936, 6750, 1650)
(2937, 6750, 1800)
(2938, 6750, 1950)
(2939, 6750, 2100)
(2940, 6750, 2250)
(2941, 6750, 2400)
(2942, 6750, 2550)
(2943, 6750, 2700)
(2944, 6750, 2850)
(2945, 6750, 3000)
(2946, 6750, 3150)
(2947, 6750, 3300)
(2948, 6750, 3450)
(2949, 6750, 3600)
(2950, 6750, 3750)
(2951, 6750, 3900)
(2952, 6750, 4050)
(2953, 6750, 4200)
(2954, 6750, 4350)
(2955, 6750, 4500)
(2956, 6750, 4650)
(2957, 6750, 4800)
(2958, 6750, 4950)
(2959, 6750, 5100)
(2960, 6750, 5250)
(2961, 6750, 5400)
(2962, 6750, 5550)
(2963, 6750, 5700)
(2964, 6750, 5850)
(2965, 6750, 6000)
(2966, 6750, 6150)
(2967, 6750, 6300)
(2968, 6750, 6450)
(2969, 6750, 6600)
(2970, 6750, 6750)
(2971, 6750, 6900)
(2972, 6750, 7050)
(2973, 6750, 7200)
(2974, 6750, 7350)
(2975, 6750, 7500)
(2976, 6750, 7650)
(2977, 6750, 7800)
(2978, 6750, 7950)
(2979, 6750, 8100)
(2980, 6750, 8250)
(2981, 6750, 8400)
(2982, 6750, 8550)
(2983, 6750, 8700)
(2984, 6750, 8850)
(2985, 6750, 9000)
(2986, 6750, 9150)
(2987, 6750, 9300)
(2988, 6750, 9450)
(2989, 6750, 9600)
(2990, 6900, 0)
(2991, 6900, 150)
(2992, 6900, 300)
(2993, 6900, 450)
(2994, 6900, 600)
(2995, 6900, 750)
(2996, 6900, 900)
(2997, 6900, 1050)
(2998, 6900, 1200)
(2999, 6900, 1350)
(3000, 6900, 1500)
(3001, 6900, 1650)
(3002, 6900, 1800)
(3003, 6900, 1950)
(3004, 6900, 2100)
(3005, 6900, 2250)
(3006, 6900, 2400)
(3007, 6900, 2550)
(3008, 6900, 2700)
(3009, 6900, 2850)
(3010, 6900, 3000)
(3011, 6900, 3150)
(3012, 6900, 3300)
(3013, 6900, 3450)
(3014, 6900, 3600)
(3015, 6900, 3750)
(3016, 6900, 3900)
(3017, 6900, 4050)
(3018, 6900, 4200)
(3019, 6900, 4350)
(3020, 6900, 4500)
(3021, 6900, 4650)
(3022, 6900, 4800)
(3023, 6900, 4950)
(3024, 6900, 5100)
(3025, 6900, 5250)
(3026, 6900, 5400)
(3027, 6900, 5550)
(3028, 6900, 5700)
(3029, 6900, 5850)
(3030, 6900, 6000)
(3031, 6900, 6150)
(3032, 6900, 6300)
(3033, 6900, 6450)
(3034, 6900, 6600)
(3035, 6900, 6750)
(3036, 6900, 6900)
(3037, 6900, 7050)
(3038, 6900, 7200)
(3039, 6900, 7350)
(3040, 6900, 7500)
(3041, 6900, 7650)
(3042, 6900, 7800)
(3043, 6900, 7950)
(3044, 6900, 8100)
(3045, 6900, 8250)
(3046, 6900, 8400)
(3047, 6900, 8550)
(3048, 6900, 8700)
(3049, 6900, 8850)
(3050, 6900, 9000)
(3051, 6900, 9150)
(3052, 6900, 9300)
(3053, 6900, 9450)
(3054, 6900, 9600)
(3055, 7050, 0)
(3056, 7050, 150)
(3057, 7050, 300)
(3058, 7050, 450)
(3059, 7050, 600)
(3060, 7050, 750)
(3061, 7050, 900)
(3062, 7050, 1050)
(3063, 7050, 1200)
(3064, 7050, 1350)
(3065, 7050, 1500)
(3066, 7050, 1650)
(3067, 7050, 1800)
(3068, 7050, 1950)
(3069, 7050, 2100)
(3070, 7050, 2250)
(3071, 7050, 2400)
(3072, 7050, 2550)
(3073, 7050, 2700)
(3074, 7050, 2850)
(3075, 7050, 3000)
(3076, 7050, 3150)
(3077, 7050, 3300)
(3078, 7050, 3450)
(3079, 7050, 3600)
(3080, 7050, 3750)
(3081, 7050, 3900)
(3082, 7050, 4050)
(3083, 7050, 4200)
(3084, 7050, 4350)
(3085, 7050, 4500)
(3086, 7050, 4650)
(3087, 7050, 4800)
(3088, 7050, 4950)
(3089, 7050, 5100)
(3090, 7050, 5250)
(3091, 7050, 5400)
(3092, 7050, 5550)
(3093, 7050, 5700)
(3094, 7050, 5850)
(3095, 7050, 6000)
(3096, 7050, 6150)
(3097, 7050, 6300)
(3098, 7050, 6450)
(3099, 7050, 6600)
(3100, 7050, 6750)
(3101, 7050, 6900)
(3102, 7050, 7050)
(3103, 7050, 7200)
(3104, 7050, 7350)
(3105, 7050, 7500)
(3106, 7050, 7650)
(3107, 7050, 7800)
(3108, 7050, 7950)
(3109, 7050, 8100)
(3110, 7050, 8250)
(3111, 7050, 8400)
(3112, 7050, 8550)
(3113, 7050, 8700)
(3114, 7050, 8850)
(3115, 7050, 9000)
(3116, 7050, 9150)
(3117, 7050, 9300)
(3118, 7050, 9450)
(3119, 7050, 9600)
(3120, 7200, 0)
(3121, 7200, 150)
(3122, 7200, 300)
(3123, 7200, 450)
(3124, 7200, 600)
(3125, 7200, 750)
(3126, 7200, 900)
(3127, 7200, 1050)
(3128, 7200, 1200)
(3129, 7200, 1350)
(3130, 7200, 1500)
(3131, 7200, 1650)
(3132, 7200, 1800)
(3133, 7200, 1950)
(3134, 7200, 2100)
(3135, 7200, 2250)
(3136, 7200, 2400)
(3137, 7200, 2550)
(3138, 7200, 2700)
(3139, 7200, 2850)
(3140, 7200, 3000)
(3141, 7200, 3150)
(3142, 7200, 3300)
(3143, 7200, 3450)
(3144, 7200, 3600)
(3145, 7200, 3750)
(3146, 7200, 3900)
(3147, 7200, 4050)
(3148, 7200, 4200)
(3149, 7200, 4350)
(3150, 7200, 4500)
(3151, 7200, 4650)
(3152, 7200, 4800)
(3153, 7200, 4950)
(3154, 7200, 5100)
(3155, 7200, 5250)
(3156, 7200, 5400)
(3157, 7200, 5550)
(3158, 7200, 5700)
(3159, 7200, 5850)
(3160, 7200, 6000)
(3161, 7200, 6150)
(3162, 7200, 6300)
(3163, 7200, 6450)
(3164, 7200, 6600)
(3165, 7200, 6750)
(3166, 7200, 6900)
(3167, 7200, 7050)
(3168, 7200, 7200)
(3169, 7200, 7350)
(3170, 7200, 7500)
(3171, 7200, 7650)
(3172, 7200, 7800)
(3173, 7200, 7950)
(3174, 7200, 8100)
(3175, 7200, 8250)
(3176, 7200, 8400)
(3177, 7200, 8550)
(3178, 7200, 8700)
(3179, 7200, 8850)
(3180, 7200, 9000)
(3181, 7200, 9150)
(3182, 7200, 9300)
(3183, 7200, 9450)
(3184, 7200, 9600)
(3185, 7350, 0)
(3186, 7350, 150)
(3187, 7350, 300)
(3188, 7350, 450)
(3189, 7350, 600)
(3190, 7350, 750)
(3191, 7350, 900)
(3192, 7350, 1050)
(3193, 7350, 1200)
(3194, 7350, 1350)
(3195, 7350, 1500)
(3196, 7350, 1650)
(3197, 7350, 1800)
(3198, 7350, 1950)
(3199, 7350, 2100)
(3200, 7350, 2250)
(3201, 7350, 2400)
(3202, 7350, 2550)
(3203, 7350, 2700)
(3204, 7350, 2850)
(3205, 7350, 3000)
(3206, 7350, 3150)
(3207, 7350, 3300)
(3208, 7350, 3450)
(3209, 7350, 3600)
(3210, 7350, 3750)
(3211, 7350, 3900)
(3212, 7350, 4050)
(3213, 7350, 4200)
(3214, 7350, 4350)
(3215, 7350, 4500)
(3216, 7350, 4650)
(3217, 7350, 4800)
(3218, 7350, 4950)
(3219, 7350, 5100)
(3220, 7350, 5250)
(3221, 7350, 5400)
(3222, 7350, 5550)
(3223, 7350, 5700)
(3224, 7350, 5850)
(3225, 7350, 6000)
(3226, 7350, 6150)
(3227, 7350, 6300)
(3228, 7350, 6450)
(3229, 7350, 6600)
(3230, 7350, 6750)
(3231, 7350, 6900)
(3232, 7350, 7050)
(3233, 7350, 7200)
(3234, 7350, 7350)
(3235, 7350, 7500)
(3236, 7350, 7650)
(3237, 7350, 7800)
(3238, 7350, 7950)
(3239, 7350, 8100)
(3240, 7350, 8250)
(3241, 7350, 8400)
(3242, 7350, 8550)
(3243, 7350, 8700)
(3244, 7350, 8850)
(3245, 7350, 9000)
(3246, 7350, 9150)
(3247, 7350, 9300)
(3248, 7350, 9450)
(3249, 7350, 9600)
(3250, 7500, 0)
(3251, 7500, 150)
(3252, 7500, 300)
(3253, 7500, 450)
(3254, 7500, 600)
(3255, 7500, 750)
(3256, 7500, 900)
(3257, 7500, 1050)
(3258, 7500, 1200)
(3259, 7500, 1350)
(3260, 7500, 1500)
(3261, 7500, 1650)
(3262, 7500, 1800)
(3263, 7500, 1950)
(3264, 7500, 2100)
(3265, 7500, 2250)
(3266, 7500, 2400)
(3267, 7500, 2550)
(3268, 7500, 2700)
(3269, 7500, 2850)
(3270, 7500, 3000)
(3271, 7500, 3150)
(3272, 7500, 3300)
(3273, 7500, 3450)
(3274, 7500, 3600)
(3275, 7500, 3750)
(3276, 7500, 3900)
(3277, 7500, 4050)
(3278, 7500, 4200)
(3279, 7500, 4350)
(3280, 7500, 4500)
(3281, 7500, 4650)
(3282, 7500, 4800)
(3283, 7500, 4950)
(3284, 7500, 5100)
(3285, 7500, 5250)
(3286, 7500, 5400)
(3287, 7500, 5550)
(3288, 7500, 5700)
(3289, 7500, 5850)
(3290, 7500, 6000)
(3291, 7500, 6150)
(3292, 7500, 6300)
(3293, 7500, 6450)
(3294, 7500, 6600)
(3295, 7500, 6750)
(3296, 7500, 6900)
(3297, 7500, 7050)
(3298, 7500, 7200)
(3299, 7500, 7350)
(3300, 7500, 7500)
(3301, 7500, 7650)
(3302, 7500, 7800)
(3303, 7500, 7950)
(3304, 7500, 8100)
(3305, 7500, 8250)
(3306, 7500, 8400)
(3307, 7500, 8550)
(3308, 7500, 8700)
(3309, 7500, 8850)
(3310, 7500, 9000)
(3311, 7500, 9150)
(3312, 7500, 9300)
(3313, 7500, 9450)
(3314, 7500, 9600)
(3315, 7650, 0)
(3316, 7650, 150)
(3317, 7650, 300)
(3318, 7650, 450)
(3319, 7650, 600)
(3320, 7650, 750)
(3321, 7650, 900)
(3322, 7650, 1050)
(3323, 7650, 1200)
(3324, 7650, 1350)
(3325, 7650, 1500)
(3326, 7650, 1650)
(3327, 7650, 1800)
(3328, 7650, 1950)
(3329, 7650, 2100)
(3330, 7650, 2250)
(3331, 7650, 2400)
(3332, 7650, 2550)
(3333, 7650, 2700)
(3334, 7650, 2850)
(3335, 7650, 3000)
(3336, 7650, 3150)
(3337, 7650, 3300)
(3338, 7650, 3450)
(3339, 7650, 3600)
(3340, 7650, 3750)
(3341, 7650, 3900)
(3342, 7650, 4050)
(3343, 7650, 4200)
(3344, 7650, 4350)
(3345, 7650, 4500)
(3346, 7650, 4650)
(3347, 7650, 4800)
(3348, 7650, 4950)
(3349, 7650, 5100)
(3350, 7650, 5250)
(3351, 7650, 5400)
(3352, 7650, 5550)
(3353, 7650, 5700)
(3354, 7650, 5850)
(3355, 7650, 6000)
(3356, 7650, 6150)
(3357, 7650, 6300)
(3358, 7650, 6450)
(3359, 7650, 6600)
(3360, 7650, 6750)
(3361, 7650, 6900)
(3362, 7650, 7050)
(3363, 7650, 7200)
(3364, 7650, 7350)
(3365, 7650, 7500)
(3366, 7650, 7650)
(3367, 7650, 7800)
(3368, 7650, 7950)
(3369, 7650, 8100)
(3370, 7650, 8250)
(3371, 7650, 8400)
(3372, 7650, 8550)
(3373, 7650, 8700)
(3374, 7650, 8850)
(3375, 7650, 9000)
(3376, 7650, 9150)
(3377, 7650, 9300)
(3378, 7650, 9450)
(3379, 7650, 9600)
(3380, 7800, 0)
(3381, 7800, 150)
(3382, 7800, 300)
(3383, 7800, 450)
(3384, 7800, 600)
(3385, 7800, 750)
(3386, 7800, 900)
(3387, 7800, 1050)
(3388, 7800, 1200)
(3389, 7800, 1350)
(3390, 7800, 1500)
(3391, 7800, 1650)
(3392, 7800, 1800)
(3393, 7800, 1950)
(3394, 7800, 2100)
(3395, 7800, 2250)
(3396, 7800, 2400)
(3397, 7800, 2550)
(3398, 7800, 2700)
(3399, 7800, 2850)
(3400, 7800, 3000)
(3401, 7800, 3150)
(3402, 7800, 3300)
(3403, 7800, 3450)
(3404, 7800, 3600)
(3405, 7800, 3750)
(3406, 7800, 3900)
(3407, 7800, 4050)
(3408, 7800, 4200)
(3409, 7800, 4350)
(3410, 7800, 4500)
(3411, 7800, 4650)
(3412, 7800, 4800)
(3413, 7800, 4950)
(3414, 7800, 5100)
(3415, 7800, 5250)
(3416, 7800, 5400)
(3417, 7800, 5550)
(3418, 7800, 5700)
(3419, 7800, 5850)
(3420, 7800, 6000)
(3421, 7800, 6150)
(3422, 7800, 6300)
(3423, 7800, 6450)
(3424, 7800, 6600)
(3425, 7800, 6750)
(3426, 7800, 6900)
(3427, 7800, 7050)
(3428, 7800, 7200)
(3429, 7800, 7350)
(3430, 7800, 7500)
(3431, 7800, 7650)
(3432, 7800, 7800)
(3433, 7800, 7950)
(3434, 7800, 8100)
(3435, 7800, 8250)
(3436, 7800, 8400)
(3437, 7800, 8550)
(3438, 7800, 8700)
(3439, 7800, 8850)
(3440, 7800, 9000)
(3441, 7800, 9150)
(3442, 7800, 9300)
(3443, 7800, 9450)
(3444, 7800, 9600)
(3445, 7950, 0)
(3446, 7950, 150)
(3447, 7950, 300)
(3448, 7950, 450)
(3449, 7950, 600)
(3450, 7950, 750)
(3451, 7950, 900)
(3452, 7950, 1050)
(3453, 7950, 1200)
(3454, 7950, 1350)
(3455, 7950, 1500)
(3456, 7950, 1650)
(3457, 7950, 1800)
(3458, 7950, 1950)
(3459, 7950, 2100)
(3460, 7950, 2250)
(3461, 7950, 2400)
(3462, 7950, 2550)
(3463, 7950, 2700)
(3464, 7950, 2850)
(3465, 7950, 3000)
(3466, 7950, 3150)
(3467, 7950, 3300)
(3468, 7950, 3450)
(3469, 7950, 3600)
(3470, 7950, 3750)
(3471, 7950, 3900)
(3472, 7950, 4050)
(3473, 7950, 4200)
(3474, 7950, 4350)
(3475, 7950, 4500)
(3476, 7950, 4650)
(3477, 7950, 4800)
(3478, 7950, 4950)
(3479, 7950, 5100)
(3480, 7950, 5250)
(3481, 7950, 5400)
(3482, 7950, 5550)
(3483, 7950, 5700)
(3484, 7950, 5850)
(3485, 7950, 6000)
(3486, 7950, 6150)
(3487, 7950, 6300)
(3488, 7950, 6450)
(3489, 7950, 6600)
(3490, 7950, 6750)
(3491, 7950, 6900)
(3492, 7950, 7050)
(3493, 7950, 7200)
(3494, 7950, 7350)
(3495, 7950, 7500)
(3496, 7950, 7650)
(3497, 7950, 7800)
(3498, 7950, 7950)
(3499, 7950, 8100)
(3500, 7950, 8250)
(3501, 7950, 8400)
(3502, 7950, 8550)
(3503, 7950, 8700)
(3504, 7950, 8850)
(3505, 7950, 9000)
(3506, 7950, 9150)
(3507, 7950, 9300)
(3508, 7950, 9450)
(3509, 7950, 9600)
(3510, 8100, 0)
(3511, 8100, 150)
(3512, 8100, 300)
(3513, 8100, 450)
(3514, 8100, 600)
(3515, 8100, 750)
(3516, 8100, 900)
(3517, 8100, 1050)
(3518, 8100, 1200)
(3519, 8100, 1350)
(3520, 8100, 1500)
(3521, 8100, 1650)
(3522, 8100, 1800)
(3523, 8100, 1950)
(3524, 8100, 2100)
(3525, 8100, 2250)
(3526, 8100, 2400)
(3527, 8100, 2550)
(3528, 8100, 2700)
(3529, 8100, 2850)
(3530, 8100, 3000)
(3531, 8100, 3150)
(3532, 8100, 3300)
(3533, 8100, 3450)
(3534, 8100, 3600)
(3535, 8100, 3750)
(3536, 8100, 3900)
(3537, 8100, 4050)
(3538, 8100, 4200)
(3539, 8100, 4350)
(3540, 8100, 4500)
(3541, 8100, 4650)
(3542, 8100, 4800)
(3543, 8100, 4950)
(3544, 8100, 5100)
(3545, 8100, 5250)
(3546, 8100, 5400)
(3547, 8100, 5550)
(3548, 8100, 5700)
(3549, 8100, 5850)
(3550, 8100, 6000)
(3551, 8100, 6150)
(3552, 8100, 6300)
(3553, 8100, 6450)
(3554, 8100, 6600)
(3555, 8100, 6750)
(3556, 8100, 6900)
(3557, 8100, 7050)
(3558, 8100, 7200)
(3559, 8100, 7350)
(3560, 8100, 7500)
(3561, 8100, 7650)
(3562, 8100, 7800)
(3563, 8100, 7950)
(3564, 8100, 8100)
(3565, 8100, 8250)
(3566, 8100, 8400)
(3567, 8100, 8550)
(3568, 8100, 8700)
(3569, 8100, 8850)
(3570, 8100, 9000)
(3571, 8100, 9150)
(3572, 8100, 9300)
(3573, 8100, 9450)
(3574, 8100, 9600)
(3575, 8250, 0)
(3576, 8250, 150)
(3577, 8250, 300)
(3578, 8250, 450)
(3579, 8250, 600)
(3580, 8250, 750)
(3581, 8250, 900)
(3582, 8250, 1050)
(3583, 8250, 1200)
(3584, 8250, 1350)
(3585, 8250, 1500)
(3586, 8250, 1650)
(3587, 8250, 1800)
(3588, 8250, 1950)
(3589, 8250, 2100)
(3590, 8250, 2250)
(3591, 8250, 2400)
(3592, 8250, 2550)
(3593, 8250, 2700)
(3594, 8250, 2850)
(3595, 8250, 3000)
(3596, 8250, 3150)
(3597, 8250, 3300)
(3598, 8250, 3450)
(3599, 8250, 3600)
(3600, 8250, 3750)
(3601, 8250, 3900)
(3602, 8250, 4050)
(3603, 8250, 4200)
(3604, 8250, 4350)
(3605, 8250, 4500)
(3606, 8250, 4650)
(3607, 8250, 4800)
(3608, 8250, 4950)
(3609, 8250, 5100)
(3610, 8250, 5250)
(3611, 8250, 5400)
(3612, 8250, 5550)
(3613, 8250, 5700)
(3614, 8250, 5850)
(3615, 8250, 6000)
(3616, 8250, 6150)
(3617, 8250, 6300)
(3618, 8250, 6450)
(3619, 8250, 6600)
(3620, 8250, 6750)
(3621, 8250, 6900)
(3622, 8250, 7050)
(3623, 8250, 7200)
(3624, 8250, 7350)
(3625, 8250, 7500)
(3626, 8250, 7650)
(3627, 8250, 7800)
(3628, 8250, 7950)
(3629, 8250, 8100)
(3630, 8250, 8250)
(3631, 8250, 8400)
(3632, 8250, 8550)
(3633, 8250, 8700)
(3634, 8250, 8850)
(3635, 8250, 9000)
(3636, 8250, 9150)
(3637, 8250, 9300)
(3638, 8250, 9450)
(3639, 8250, 9600)
(3640, 8400, 0)
(3641, 8400, 150)
(3642, 8400, 300)
(3643, 8400, 450)
(3644, 8400, 600)
(3645, 8400, 750)
(3646, 8400, 900)
(3647, 8400, 1050)
(3648, 8400, 1200)
(3649, 8400, 1350)
(3650, 8400, 1500)
(3651, 8400, 1650)
(3652, 8400, 1800)
(3653, 8400, 1950)
(3654, 8400, 2100)
(3655, 8400, 2250)
(3656, 8400, 2400)
(3657, 8400, 2550)
(3658, 8400, 2700)
(3659, 8400, 2850)
(3660, 8400, 3000)
(3661, 8400, 3150)
(3662, 8400, 3300)
(3663, 8400, 3450)
(3664, 8400, 3600)
(3665, 8400, 3750)
(3666, 8400, 3900)
(3667, 8400, 4050)
(3668, 8400, 4200)
(3669, 8400, 4350)
(3670, 8400, 4500)
(3671, 8400, 4650)
(3672, 8400, 4800)
(3673, 8400, 4950)
(3674, 8400, 5100)
(3675, 8400, 5250)
(3676, 8400, 5400)
(3677, 8400, 5550)
(3678, 8400, 5700)
(3679, 8400, 5850)
(3680, 8400, 6000)
(3681, 8400, 6150)
(3682, 8400, 6300)
(3683, 8400, 6450)
(3684, 8400, 6600)
(3685, 8400, 6750)
(3686, 8400, 6900)
(3687, 8400, 7050)
(3688, 8400, 7200)
(3689, 8400, 7350)
(3690, 8400, 7500)
(3691, 8400, 7650)
(3692, 8400, 7800)
(3693, 8400, 7950)
(3694, 8400, 8100)
(3695, 8400, 8250)
(3696, 8400, 8400)
(3697, 8400, 8550)
(3698, 8400, 8700)
(3699, 8400, 8850)
(3700, 8400, 9000)
(3701, 8400, 9150)
(3702, 8400, 9300)
(3703, 8400, 9450)
(3704, 8400, 9600)
(3705, 8550, 0)
(3706, 8550, 150)
(3707, 8550, 300)
(3708, 8550, 450)
(3709, 8550, 600)
(3710, 8550, 750)
(3711, 8550, 900)
(3712, 8550, 1050)
(3713, 8550, 1200)
(3714, 8550, 1350)
(3715, 8550, 1500)
(3716, 8550, 1650)
(3717, 8550, 1800)
(3718, 8550, 1950)
(3719, 8550, 2100)
(3720, 8550, 2250)
(3721, 8550, 2400)
(3722, 8550, 2550)
(3723, 8550, 2700)
(3724, 8550, 2850)
(3725, 8550, 3000)
(3726, 8550, 3150)
(3727, 8550, 3300)
(3728, 8550, 3450)
(3729, 8550, 3600)
(3730, 8550, 3750)
(3731, 8550, 3900)
(3732, 8550, 4050)
(3733, 8550, 4200)
(3734, 8550, 4350)
(3735, 8550, 4500)
(3736, 8550, 4650)
(3737, 8550, 4800)
(3738, 8550, 4950)
(3739, 8550, 5100)
(3740, 8550, 5250)
(3741, 8550, 5400)
(3742, 8550, 5550)
(3743, 8550, 5700)
(3744, 8550, 5850)
(3745, 8550, 6000)
(3746, 8550, 6150)
(3747, 8550, 6300)
(3748, 8550, 6450)
(3749, 8550, 6600)
(3750, 8550, 6750)
(3751, 8550, 6900)
(3752, 8550, 7050)
(3753, 8550, 7200)
(3754, 8550, 7350)
(3755, 8550, 7500)
(3756, 8550, 7650)
(3757, 8550, 7800)
(3758, 8550, 7950)
(3759, 8550, 8100)
(3760, 8550, 8250)
(3761, 8550, 8400)
(3762, 8550, 8550)
(3763, 8550, 8700)
(3764, 8550, 8850)
(3765, 8550, 9000)
(3766, 8550, 9150)
(3767, 8550, 9300)
(3768, 8550, 9450)
(3769, 8550, 9600)
(3770, 8700, 0)
(3771, 8700, 150)
(3772, 8700, 300)
(3773, 8700, 450)
(3774, 8700, 600)
(3775, 8700, 750)
(3776, 8700, 900)
(3777, 8700, 1050)
(3778, 8700, 1200)
(3779, 8700, 1350)
(3780, 8700, 1500)
(3781, 8700, 1650)
(3782, 8700, 1800)
(3783, 8700, 1950)
(3784, 8700, 2100)
(3785, 8700, 2250)
(3786, 8700, 2400)
(3787, 8700, 2550)
(3788, 8700, 2700)
(3789, 8700, 2850)
(3790, 8700, 3000)
(3791, 8700, 3150)
(3792, 8700, 3300)
(3793, 8700, 3450)
(3794, 8700, 3600)
(3795, 8700, 3750)
(3796, 8700, 3900)
(3797, 8700, 4050)
(3798, 8700, 4200)
(3799, 8700, 4350)
(3800, 8700, 4500)
(3801, 8700, 4650)
(3802, 8700, 4800)
(3803, 8700, 4950)
(3804, 8700, 5100)
(3805, 8700, 5250)
(3806, 8700, 5400)
(3807, 8700, 5550)
(3808, 8700, 5700)
(3809, 8700, 5850)
(3810, 8700, 6000)
(3811, 8700, 6150)
(3812, 8700, 6300)
(3813, 8700, 6450)
(3814, 8700, 6600)
(3815, 8700, 6750)
(3816, 8700, 6900)
(3817, 8700, 7050)
(3818, 8700, 7200)
(3819, 8700, 7350)
(3820, 8700, 7500)
(3821, 8700, 7650)
(3822, 8700, 7800)
(3823, 8700, 7950)
(3824, 8700, 8100)
(3825, 8700, 8250)
(3826, 8700, 8400)
(3827, 8700, 8550)
(3828, 8700, 8700)
(3829, 8700, 8850)
(3830, 8700, 9000)
(3831, 8700, 9150)
(3832, 8700, 9300)
(3833, 8700, 9450)
(3834, 8700, 9600)
(3835, 8850, 0)
(3836, 8850, 150)
(3837, 8850, 300)
(3838, 8850, 450)
(3839, 8850, 600)
(3840, 8850, 750)
(3841, 8850, 900)
(3842, 8850, 1050)
(3843, 8850, 1200)
(3844, 8850, 1350)
(3845, 8850, 1500)
(3846, 8850, 1650)
(3847, 8850, 1800)
(3848, 8850, 1950)
(3849, 8850, 2100)
(3850, 8850, 2250)
(3851, 8850, 2400)
(3852, 8850, 2550)
(3853, 8850, 2700)
(3854, 8850, 2850)
(3855, 8850, 3000)
(3856, 8850, 3150)
(3857, 8850, 3300)
(3858, 8850, 3450)
(3859, 8850, 3600)
(3860, 8850, 3750)
(3861, 8850, 3900)
(3862, 8850, 4050)
(3863, 8850, 4200)
(3864, 8850, 4350)
(3865, 8850, 4500)
(3866, 8850, 4650)
(3867, 8850, 4800)
(3868, 8850, 4950)
(3869, 8850, 5100)
(3870, 8850, 5250)
(3871, 8850, 5400)
(3872, 8850, 5550)
(3873, 8850, 5700)
(3874, 8850, 5850)
(3875, 8850, 6000)
(3876, 8850, 6150)
(3877, 8850, 6300)
(3878, 8850, 6450)
(3879, 8850, 6600)
(3880, 8850, 6750)
(3881, 8850, 6900)
(3882, 8850, 7050)
(3883, 8850, 7200)
(3884, 8850, 7350)
(3885, 8850, 7500)
(3886, 8850, 7650)
(3887, 8850, 7800)
(3888, 8850, 7950)
(3889, 8850, 8100)
(3890, 8850, 8250)
(3891, 8850, 8400)
(3892, 8850, 8550)
(3893, 8850, 8700)
(3894, 8850, 8850)
(3895, 8850, 9000)
(3896, 8850, 9150)
(3897, 8850, 9300)
(3898, 8850, 9450)
(3899, 8850, 9600)
(3900, 9000, 0)
(3901, 9000, 150)
(3902, 9000, 300)
(3903, 9000, 450)
(3904, 9000, 600)
(3905, 9000, 750)
(3906, 9000, 900)
(3907, 9000, 1050)
(3908, 9000, 1200)
(3909, 9000, 1350)
(3910, 9000, 1500)
(3911, 9000, 1650)
(3912, 9000, 1800)
(3913, 9000, 1950)
(3914, 9000, 2100)
(3915, 9000, 2250)
(3916, 9000, 2400)
(3917, 9000, 2550)
(3918, 9000, 2700)
(3919, 9000, 2850)
(3920, 9000, 3000)
(3921, 9000, 3150)
(3922, 9000, 3300)
(3923, 9000, 3450)
(3924, 9000, 3600)
(3925, 9000, 3750)
(3926, 9000, 3900)
(3927, 9000, 4050)
(3928, 9000, 4200)
(3929, 9000, 4350)
(3930, 9000, 4500)
(3931, 9000, 4650)
(3932, 9000, 4800)
(3933, 9000, 4950)
(3934, 9000, 5100)
(3935, 9000, 5250)
(3936, 9000, 5400)
(3937, 9000, 5550)
(3938, 9000, 5700)
(3939, 9000, 5850)
(3940, 9000, 6000)
(3941, 9000, 6150)
(3942, 9000, 6300)
(3943, 9000, 6450)
(3944, 9000, 6600)
(3945, 9000, 6750)
(3946, 9000, 6900)
(3947, 9000, 7050)
(3948, 9000, 7200)
(3949, 9000, 7350)
(3950, 9000, 7500)
(3951, 9000, 7650)
(3952, 9000, 7800)
(3953, 9000, 7950)
(3954, 9000, 8100)
(3955, 9000, 8250)
(3956, 9000, 8400)
(3957, 9000, 8550)
(3958, 9000, 8700)
(3959, 9000, 8850)
(3960, 9000, 9000)
(3961, 9000, 9150)
(3962, 9000, 9300)
(3963, 9000, 9450)
(3964, 9000, 9600)
(3965, 9150, 0)
(3966, 9150, 150)
(3967, 9150, 300)
(3968, 9150, 450)
(3969, 9150, 600)
(3970, 9150, 750)
(3971, 9150, 900)
(3972, 9150, 1050)
(3973, 9150, 1200)
(3974, 9150, 1350)
(3975, 9150, 1500)
(3976, 9150, 1650)
(3977, 9150, 1800)
(3978, 9150, 1950)
(3979, 9150, 2100)
(3980, 9150, 2250)
(3981, 9150, 2400)
(3982, 9150, 2550)
(3983, 9150, 2700)
(3984, 9150, 2850)
(3985, 9150, 3000)
(3986, 9150, 3150)
(3987, 9150, 3300)
(3988, 9150, 3450)
(3989, 9150, 3600)
(3990, 9150, 3750)
(3991, 9150, 3900)
(3992, 9150, 4050)
(3993, 9150, 4200)
(3994, 9150, 4350)
(3995, 9150, 4500)
(3996, 9150, 4650)
(3997, 9150, 4800)
(3998, 9150, 4950)
(3999, 9150, 5100)
(4000, 9150, 5250)
(4001, 9150, 5400)
(4002, 9150, 5550)
(4003, 9150, 5700)
(4004, 9150, 5850)
(4005, 9150, 6000)
(4006, 9150, 6150)
(4007, 9150, 6300)
(4008, 9150, 6450)
(4009, 9150, 6600)
(4010, 9150, 6750)
(4011, 9150, 6900)
(4012, 9150, 7050)
(4013, 9150, 7200)
(4014, 9150, 7350)
(4015, 9150, 7500)
(4016, 9150, 7650)
(4017, 9150, 7800)
(4018, 9150, 7950)
(4019, 9150, 8100)
(4020, 9150, 8250)
(4021, 9150, 8400)
(4022, 9150, 8550)
(4023, 9150, 8700)
(4024, 9150, 8850)
(4025, 9150, 9000)
(4026, 9150, 9150)
(4027, 9150, 9300)
(4028, 9150, 9450)
(4029, 9150, 9600)
(4030, 9300, 0)
(4031, 9300, 150)
(4032, 9300, 300)
(4033, 9300, 450)
(4034, 9300, 600)
(4035, 9300, 750)
(4036, 9300, 900)
(4037, 9300, 1050)
(4038, 9300, 1200)
(4039, 9300, 1350)
(4040, 9300, 1500)
(4041, 9300, 1650)
(4042, 9300, 1800)
(4043, 9300, 1950)
(4044, 9300, 2100)
(4045, 9300, 2250)
(4046, 9300, 2400)
(4047, 9300, 2550)
(4048, 9300, 2700)
(4049, 9300, 2850)
(4050, 9300, 3000)
(4051, 9300, 3150)
(4052, 9300, 3300)
(4053, 9300, 3450)
(4054, 9300, 3600)
(4055, 9300, 3750)
(4056, 9300, 3900)
(4057, 9300, 4050)
(4058, 9300, 4200)
(4059, 9300, 4350)
(4060, 9300, 4500)
(4061, 9300, 4650)
(4062, 9300, 4800)
(4063, 9300, 4950)
(4064, 9300, 5100)
(4065, 9300, 5250)
(4066, 9300, 5400)
(4067, 9300, 5550)
(4068, 9300, 5700)
(4069, 9300, 5850)
(4070, 9300, 6000)
(4071, 9300, 6150)
(4072, 9300, 6300)
(4073, 9300, 6450)
(4074, 9300, 6600)
(4075, 9300, 6750)
(4076, 9300, 6900)
(4077, 9300, 7050)
(4078, 9300, 7200)
(4079, 9300, 7350)
(4080, 9300, 7500)
(4081, 9300, 7650)
(4082, 9300, 7800)
(4083, 9300, 7950)
(4084, 9300, 8100)
(4085, 9300, 8250)
(4086, 9300, 8400)
(4087, 9300, 8550)
(4088, 9300, 8700)
(4089, 9300, 8850)
(4090, 9300, 9000)
(4091, 9300, 9150)
(4092, 9300, 9300)
(4093, 9300, 9450)
(4094, 9300, 9600)
(4095, 9450, 0)
(4096, 9450, 150)
(4097, 9450, 300)
(4098, 9450, 450)
(4099, 9450, 600)
(4100, 9450, 750)
(4101, 9450, 900)
(4102, 9450, 1050)
(4103, 9450, 1200)
(4104, 9450, 1350)
(4105, 9450, 1500)
(4106, 9450, 1650)
(4107, 9450, 1800)
(4108, 9450, 1950)
(4109, 9450, 2100)
(4110, 9450, 2250)
(4111, 9450, 2400)
(4112, 9450, 2550)
(4113, 9450, 2700)
(4114, 9450, 2850)
(4115, 9450, 3000)
(4116, 9450, 3150)
(4117, 9450, 3300)
(4118, 9450, 3450)
(4119, 9450, 3600)
(4120, 9450, 3750)
(4121, 9450, 3900)
(4122, 9450, 4050)
(4123, 9450, 4200)
(4124, 9450, 4350)
(4125, 9450, 4500)
(4126, 9450, 4650)
(4127, 9450, 4800)
(4128, 9450, 4950)
(4129, 9450, 5100)
(4130, 9450, 5250)
(4131, 9450, 5400)
(4132, 9450, 5550)
(4133, 9450, 5700)
(4134, 9450, 5850)
(4135, 9450, 6000)
(4136, 9450, 6150)
(4137, 9450, 6300)
(4138, 9450, 6450)
(4139, 9450, 6600)
(4140, 9450, 6750)
(4141, 9450, 6900)
(4142, 9450, 7050)
(4143, 9450, 7200)
(4144, 9450, 7350)
(4145, 9450, 7500)
(4146, 9450, 7650)
(4147, 9450, 7800)
(4148, 9450, 7950)
(4149, 9450, 8100)
(4150, 9450, 8250)
(4151, 9450, 8400)
(4152, 9450, 8550)
(4153, 9450, 8700)
(4154, 9450, 8850)
(4155, 9450, 9000)
(4156, 9450, 9150)
(4157, 9450, 9300)
(4158, 9450, 9450)
(4159, 9450, 9600)
(4160, 9600, 0)
(4161, 9600, 150)
(4162, 9600, 300)
(4163, 9600, 450)
(4164, 9600, 600)
(4165, 9600, 750)
(4166, 9600, 900)
(4167, 9600, 1050)
(4168, 9600, 1200)
(4169, 9600, 1350)
(4170, 9600, 1500)
(4171, 9600, 1650)
(4172, 9600, 1800)
(4173, 9600, 1950)
(4174, 9600, 2100)
(4175, 9600, 2250)
(4176, 9600, 2400)
(4177, 9600, 2550)
(4178, 9600, 2700)
(4179, 9600, 2850)
(4180, 9600, 3000)
(4181, 9600, 3150)
(4182, 9600, 3300)
(4183, 9600, 3450)
(4184, 9600, 3600)
(4185, 9600, 3750)
(4186, 9600, 3900)
(4187, 9600, 4050)
(4188, 9600, 4200)
(4189, 9600, 4350)
(4190, 9600, 4500)
(4191, 9600, 4650)
(4192, 9600, 4800)
(4193, 9600, 4950)
(4194, 9600, 5100)
(4195, 9600, 5250)
(4196, 9600, 5400)
(4197, 9600, 5550)
(4198, 9600, 5700)
(4199, 9600, 5850)
(4200, 9600, 6000)
(4201, 9600, 6150)
(4202, 9600, 6300)
(4203, 9600, 6450)
(4204, 9600, 6600)
(4205, 9600, 6750)
(4206, 9600, 6900)
(4207, 9600, 7050)
(4208, 9600, 7200)
(4209, 9600, 7350)
(4210, 9600, 7500)
(4211, 9600, 7650)
(4212, 9600, 7800)
(4213, 9600, 7950)
(4214, 9600, 8100)
(4215, 9600, 8250)
(4216, 9600, 8400)
(4217, 9600, 8550)
(4218, 9600, 8700)
(4219, 9600, 8850)
(4220, 9600, 9000)
(4221, 9600, 9150)
(4222, 9600, 9300)
(4223, 9600, 9450)
(4224, 9600, 9600)
