1
(0, 1)
(0, 49)
(1, 2)
(1, 50)
(2, 3)
(2, 51)
(3, 4)
(3, 52)
(4, 5)
(4, 53)
(5, 6)
(5, 54)
(6, 7)
(6, 55)
(7, 8)
(7, 56)
(8, 9)
(8, 57)
(9, 10)
(9, 58)
(10, 11)
(10, 59)
(11, 12)
(11, 60)
(12, 13)
(12, 61)
(13, 14)
(13, 62)
(14, 15)
(14, 63)
(15, 16)
(15, 64)
(16, 17)
(16, 65)
(17, 18)
(17, 66)
(18, 19)
(18, 67)
(19, 20)
(19, 68)
(20, 21)
(20, 69)
(21, 22)
(21, 70)
(22, 23)
(22, 71)
(23, 24)
(23, 72)
(24, 25)
(24, 73)
(25, 26)
(25, 74)
(26, 27)
(26, 75)
(27, 28)
(27, 76)
(28, 29)
(28, 77)
(29, 30)
(29, 78)
(30, 31)
(30, 79)
(31, 32)
(31, 80)
(32, 33)
(32, 81)
(33, 34)
(33, 82)
(34, 35)
(34, 83)
(35, 36)
(35, 84)
(36, 37)
(36, 85)
(37, 38)
(37, 86)
(38, 39)
(38, 87)
(39, 40)
(39, 88)
(40, 41)
(40, 89)
(41, 42)
(41, 90)
(42, 43)
(42, 91)
(43, 44)
(43, 92)
(44, 45)
(44, 93)
(45, 46)
(45, 94)
(46, 47)
(46, 95)
(47, 48)
(47, 96)
(48, 97)
(49, 50)
(49, 98)
(50, 51)
(50, 99)
(51, 52)
(51, 100)
(52, 53)
(52, 101)
(53, 54)
(53, 102)
(54, 55)
(54, 103)
(55, 56)
(55, 104)
(56, 57)
(56, 105)
(57, 58)
(57, 106)
(58, 59)
(58, 107)
(59, 60)
(59, 108)
(60, 61)
(60, 109)
(61, 62)
(61, 110)
(62, 63)
(62, 111)
(63, 64)
(63, 112)
(64, 65)
(64, 113)
(65, 66)
(65, 114)
(66, 67)
(66, 115)
(67, 68)
(67, 116)
(68, 69)
(68, 117)
(69, 70)
(69, 118)
(70, 71)
(70, 119)
(71, 72)
(71, 120)
(72, 73)
(72, 121)
(73, 74)
(73, 122)
(74, 75)
(74, 123)
(75, 76)
(75, 124)
(76, 77)
(76, 125)
(77, 78)
(77, 126)
(78, 79)
(78, 127)
(79, 80)
(79, 128)
(80, 81)
(80, 129)
(81, 82)
(81, 130)
(82, 83)
(82, 131)
(83, 84)
(83, 132)
(84, 85)
(84, 133)
(85, 86)
(85, 134)
(86, 87)
(86, 135)
(87, 88)
(87, 136)
(88, 89)
(88, 137)
(89, 90)
(89, 138)
(90, 91)
(90, 139)
(91, 92)
(91, 140)
(92, 93)
(92, 141)
(93, 94)
(93, 142)
(94, 95)
(94, 143)
(95, 96)
(95, 144)
(96, 97)
(96, 145)
(97, 146)
(98, 99)
(98, 147)
(99, 100)
(99, 148)
(100, 101)
(100, 149)
(101, 102)
(101, 150)
(102, 103)
(102, 151)
(103, 104)
(103, 152)
(104, 105)
(104, 153)
(105, 106)
(105, 154)
(106, 107)
(106, 155)
(107, 108)
(107, 156)
(108, 109)
(108, 157)
(109, 110)
(109, 158)
(110, 111)
(110, 159)
(111, 112)
(111, 160)
(112, 113)
(112, 161)
(113, 114)
(113, 162)
(114, 115)
(114, 163)
(115, 116)
(115, 164)
(116, 117)
(116, 165)
(117, 118)
(117, 166)
(118, 119)
(118, 167)
(119, 120)
(119, 168)
(120, 121)
(120, 169)
(121, 122)
(121, 170)
(122, 123)
(122, 171)
(123, 124)
(123, 172)
(124, 125)
(124, 173)
(125, 126)
(125, 174)
(126, 127)
(126, 175)
(127, 128)
(127, 176)
(128, 129)
(128, 177)
(129, 130)
(129, 178)
(130, 131)
(130, 179)
(131, 132)
(131, 180)
(132, 133)
(132, 181)
(133, 134)
(133, 182)
(134, 135)
(134, 183)
(135, 136)
(135, 184)
(136, 137)
(136, 185)
(137, 138)
(137, 186)
(138, 139)
(138, 187)
(139, 140)
(139, 188)
(140, 141)
(140, 189)
(141, 142)
(141, 190)
(142, 143)
(142, 191)
(143, 144)
(143, 192)
(144, 145)
(144, 193)
(145, 146)
(145, 194)
(146, 195)
(147, 148)
(147, 196)
(148, 149)
(148, 197)
(149, 150)
(149, 198)
(150, 151)
(150, 199)
(151, 152)
(151, 200)
(152, 153)
(152, 201)
(153, 154)
(153, 202)
(154, 155)
(154, 203)
(155, 156)
(155, 204)
(156, 157)
(156, 205)
(157, 158)
(157, 206)
(158, 159)
(158, 207)
(159, 160)
(159, 208)
(160, 161)
(160, 209)
(161, 162)
(161, 210)
(162, 163)
(162, 211)
(163, 164)
(163, 212)
(164, 165)
(164, 213)
(165, 166)
(165, 214)
(166, 167)
(166, 215)
(167, 168)
(167, 216)
(168, 169)
(168, 217)
(169, 170)
(169, 218)
(170, 171)
(170, 219)
(171, 172)
(171, 220)
(172, 173)
(172, 221)
(173, 174)
(173, 222)
(174, 175)
(174, 223)
(175, 176)
(175, 224)
(176, 177)
(176, 225)
(177, 178)
(177, 226)
(178, 179)
(178, 227)
(179, 180)
(179, 228)
(180, 181)
(180, 229)
(181, 182)
(181, 230)
(182, 183)
(182, 231)
(183, 184)
(183, 232)
(184, 185)
(184, 233)
(185, 186)
(185, 234)
(186, 187)
(186, 235)
(187, 188)
(187, 236)
(188, 189)
(188, 237)
(189, 190)
(189, 238)
(190, 191)
(190, 239)
(191, 192)
(191, 240)
(192, 193)
(192, 241)
(193, 194)
(193, 242)
(194, 195)
(194, 243)
(195, 244)
(196, 197)
(196, 245)
(197, 198)
(197, 246)
(198, 199)
(198, 247)
(199, 200)
(199, 248)
(200, 201)
(200, 249)
(201, 202)
(201, 250)
(202, 203)
(202, 251)
(203, 204)
(203, 252)
(204, 205)
(204, 253)
(205, 206)
(205, 254)
(206, 207)
(206, 255)
(207, 208)
(207, 256)
(208, 209)
(208, 257)
(209, 210)
(209, 258)
(210, 211)
(210, 259)
(211, 212)
(211, 260)
(212, 213)
(212, 261)
(213, 214)
(213, 262)
(214, 215)
(214, 263)
(215, 216)
(215, 264)
(216, 217)
(216, 265)
(217, 218)
(217, 266)
(218, 219)
(218, 267)
(219, 220)
(219, 268)
(220, 221)
(220, 269)
(221, 222)
(221, 270)
(222, 223)
(222, 271)
(223, 224)
(223, 272)
(224, 225)
(224, 273)
(225, 226)
(225, 274)
(226, 227)
(226, 275)
(227, 228)
(227, 276)
(228, 229)
(228, 277)
(229, 230)
(229, 278)
(230, 231)
(230, 279)
(231, 232)
(231, 280)
(232, 233)
(232, 281)
(233, 234)
(233, 282)
(234, 235)
(234, 283)
(235, 236)
(235, 284)
(236, 237)
(236, 285)
(237, 238)
(237, 286)
(238, 239)
(238, 287)
(239, 240)
(239, 288)
(240, 241)
(240, 289)
(241, 242)
(241, 290)
(242, 243)
(242, 291)
(243, 244)
(243, 292)
(244, 293)
(245, 246)
(245, 294)
(246, 247)
(246, 295)
(247, 248)
(247, 296)
(248, 249)
(248, 297)
(249, 250)
(249, 298)
(250, 251)
(250, 299)
(251, 252)
(251, 300)
(252, 253)
(252, 301)
(253, 254)
(253, 302)
(254, 255)
(254, 303)
(255, 256)
(255, 304)
(256, 257)
(256, 305)
(257, 258)
(257, 306)
(258, 259)
(258, 307)
(259, 260)
(259, 308)
(260, 261)
(260, 309)
(261, 262)
(261, 310)
(262, 263)
(262, 311)
(263, 264)
(263, 312)
(264, 265)
(264, 313)
(265, 266)
(265, 314)
(266, 267)
(266, 315)
(267, 268)
(267, 316)
(268, 269)
(268, 317)
(269, 270)
(269, 318)
(270, 271)
(270, 319)
(271, 272)
(271, 320)
(272, 273)
(272, 321)
(273, 274)
(273, 322)
(274, 275)
(274, 323)
(275, 276)
(275, 324)
(276, 277)
(276, 325)
(277, 278)
(277, 326)
(278, 279)
(278, 327)
(279, 280)
(279, 328)
(280, 281)
(280, 329)
(281, 282)
(281, 330)
(282, 283)
(282, 331)
(283, 284)
(283, 332)
(284, 285)
(284, 333)
(285, 286)
(285, 334)
(286, 287)
(286, 335)
(287, 288)
(287, 336)
(288, 289)
(288, 337)
(289, 290)
(289, 338)
(290, 291)
(290, 339)
(291, 292)
(291, 340)
(292, 293)
(292, 341)
(293, 342)
(294, 295)
(294, 343)
(295, 296)
(295, 344)
(296, 297)
(296, 345)
(297, 298)
(297, 346)
(298, 299)
(298, 347)
(299, 300)
(299, 348)
(300, 301)
(300, 349)
(301, 302)
(301, 350)
(302, 303)
(302, 351)
(303, 304)
(303, 352)
(304, 305)
(304, 353)
(305, 306)
(305, 354)
(306, 307)
(306, 355)
(307, 308)
(307, 356)
(308, 309)
(308, 357)
(309, 310)
(309, 358)
(310, 311)
(310, 359)
(311, 312)
(311, 360)
(312, 313)
(312, 361)
(313, 314)
(313, 362)
(314, 315)
(314, 363)
(315, 316)
(315, 364)
(316, 317)
(316, 365)
(317, 318)
(317, 366)
(318, 319)
(318, 367)
(319, 320)
(319, 368)
(320, 321)
(320, 369)
(321, 322)
(321, 370)
(322, 323)
(322, 371)
(323, 324)
(323, 372)
(324, 325)
(324, 373)
(325, 326)
(325, 374)
(326, 327)
(326, 375)
(327, 328)
(327, 376)
(328, 329)
(328, 377)
(329, 330)
(329, 378)
(330, 331)
(330, 379)
(331, 332)
(331, 380)
(332, 333)
(332, 381)
(333, 334)
(333, 382)
(334, 335)
(334, 383)
(335, 336)
(335, 384)
(336, 337)
(336, 385)
(337, 338)
(337, 386)
(338, 339)
(338, 387)
(339, 340)
(339, 388)
(340, 341)
(340, 389)
(341, 342)
(341, 390)
(342, 391)
(343, 344)
(343, 392)
(344, 345)
(344, 393)
(345, 346)
(345, 394)
(346, 347)
(346, 395)
(347, 348)
(347, 396)
(348, 349)
(348, 397)
(349, 350)
(349, 398)
(350, 351)
(350, 399)
(351, 352)
(351, 400)
(352, 353)
(352, 401)
(353, 354)
(353, 402)
(354, 355)
(354, 403)
(355, 356)
(355, 404)
(356, 357)
(356, 405)
(357, 358)
(357, 406)
(358, 359)
(358, 407)
(359, 360)
(359, 408)
(360, 361)
(360, 409)
(361, 362)
(361, 410)
(362, 363)
(362, 411)
(363, 364)
(363, 412)
(364, 365)
(364, 413)
(365, 366)
(365, 414)
(366, 367)
(366, 415)
(367, 368)
(367, 416)
(368, 369)
(368, 417)
(369, 370)
(369, 418)
(370, 371)
(370, 419)
(371, 372)
(371, 420)
(372, 373)
(372, 421)
(373, 374)
(373, 422)
(374, 375)
(374, 423)
(375, 376)
(375, 424)
(376, 377)
(376, 425)
(377, 378)
(377, 426)
(378, 379)
(378, 427)
(379, 380)
(379, 428)
(380, 381)
(380, 429)
(381, 382)
(381, 430)
(382, 383)
(382, 431)
(383, 384)
(383, 432)
(384, 385)
(384, 433)
(385, 386)
(385, 434)
(386, 387)
(386, 435)
(387, 388)
(387, 436)
(388, 389)
(388, 437)
(389, 390)
(389, 438)
(390, 391)
(390, 439)
(391, 440)
(392, 393)
(392, 441)
(393, 394)
(393, 442)
(394, 395)
(394, 443)
(395, 396)
(395, 444)
(396, 397)
(396, 445)
(397, 398)
(397, 446)
(398, 399)
(398, 447)
(399, 400)
(399, 448)
(400, 401)
(400, 449)
(401, 402)
(401, 450)
(402, 403)
(402, 451)
(403, 404)
(403, 452)
(404, 405)
(404, 453)
(405, 406)
(405, 454)
(406, 407)
(406, 455)
(407, 408)
(407, 456)
(408, 409)
(408, 457)
(409, 410)
(409, 458)
(410, 411)
(410, 459)
(411, 412)
(411, 460)
(412, 413)
(412, 461)
(413, 414)
(413, 462)
(414, 415)
(414, 463)
(415, 416)
(415, 464)
(416, 417)
(416, 465)
(417, 418)
(417, 466)
(418, 419)
(418, 467)
(419, 420)
(419, 468)
(420, 421)
(420, 469)
(421, 422)
(421, 470)
(422, 423)
(422, 471)
(423, 424)
(423, 472)
(424, 425)
(424, 473)
(425, 426)
(425, 474)
(426, 427)
(426, 475)
(427, 428)
(427, 476)
(428, 429)
(428, 477)
(429, 430)
(429, 478)
(430, 431)
(430, 479)
(431, 432)
(431, 480)
(432, 433)
(432, 481)
(433, 434)
(433, 482)
(434, 435)
(434, 483)
(435, 436)
(435, 484)
(436, 437)
(436, 485)
(437, 438)
(437, 486)
(438, 439)
(438, 487)
(439, 440)
(439, 488)
(440, 489)
(441, 442)
(441, 490)
(442, 443)
(442, 491)
(443, 444)
(443, 492)
(444, 445)
(444, 493)
(445, 446)
(445, 494)
(446, 447)
(446, 495)
(447, 448)
(447, 496)
(448, 449)
(448, 497)
(449, 450)
(449, 498)
(450, 451)
(450, 499)
(451, 452)
(451, 500)
(452, 453)
(452, 501)
(453, 454)
(453, 502)
(454, 455)
(454, 503)
(455, 456)
(455, 504)
(456, 457)
(456, 505)
(457, 458)
(457, 506)
(458, 459)
(458, 507)
(459, 460)
(459, 508)
(460, 461)
(460, 509)
(461, 462)
(461, 510)
(462, 463)
(462, 511)
(463, 464)
(463, 512)
(464, 465)
(464, 513)
(465, 466)
(465, 514)
(466, 467)
(466, 515)
(467, 468)
(467, 516)
(468, 469)
(468, 517)
(469, 470)
(469, 518)
(470, 471)
(470, 519)
(471, 472)
(471, 520)
(472, 473)
(472, 521)
(473, 474)
(473, 522)
(474, 475)
(474, 523)
(475, 476)
(475, 524)
(476, 477)
(476, 525)
(477, 478)
(477, 526)
(478, 479)
(478, 527)
(479, 480)
(479, 528)
(480, 481)
(480, 529)
(481, 482)
(481, 530)
(482, 483)
(482, 531)
(483, 484)
(483, 532)
(484, 485)
(484, 533)
(485, 486)
(485, 534)
(486, 487)
(486, 535)
(487, 488)
(487, 536)
(488, 489)
(488, 537)
(489, 538)
(490, 491)
(490, 539)
(491, 492)
(491, 540)
(492, 493)
(492, 541)
(493, 494)
(493, 542)
(494, 495)
(494, 543)
(495, 496)
(495, 544)
(496, 497)
(496, 545)
(497, 498)
(497, 546)
(498, 499)
(498, 547)
(499, 500)
(499, 548)
(500, 501)
(500, 549)
(501, 502)
(501, 550)
(502, 503)
(502, 551)
(503, 504)
(503, 552)
(504, 505)
(504, 553)
(505, 506)
(505, 554)
(506, 507)
(506, 555)
(507, 508)
(507, 556)
(508, 509)
(508, 557)
(509, 510)
(509, 558)
(510, 511)
(510, 559)
(511, 512)
(511, 560)
(512, 513)
(512, 561)
(513, 514)
(513, 562)
(514, 515)
(514, 563)
(515, 516)
(515, 564)
(516, 517)
(516, 565)
(517, 518)
(517, 566)
(518, 519)
(518, 567)
(519, 520)
(519, 568)
(520, 521)
(520, 569)
(521, 522)
(521, 570)
(522, 523)
(522, 571)
(523, 524)
(523, 572)
(524, 525)
(524, 573)
(525, 526)
(525, 574)
(526, 527)
(526, 575)
(527, 528)
(527, 576)
(528, 529)
(528, 577)
(529, 530)
(529, 578)
(530, 531)
(530, 579)
(531, 532)
(531, 580)
(532, 533)
(532, 581)
(533, 534)
(533, 582)
(534, 535)
(534, 583)
(535, 536)
(535, 584)
(536, 537)
(536, 585)
(537, 538)
(537, 586)
(538, 587)
(539, 540)
(539, 588)
(540, 541)
(540, 589)
(541, 542)
(541, 590)
(542, 543)
(542, 591)
(543, 544)
(543, 592)
(544, 545)
(544, 593)
(545, 546)
(545, 594)
(546, 547)
(546, 595)
(547, 548)
(547, 596)
(548, 549)
(548, 597)
(549, 550)
(549, 598)
(550, 551)
(550, 599)
(551, 552)
(551, 600)
(552, 553)
(552, 601)
(553, 554)
(553, 602)
(554, 555)
(554, 603)
(555, 556)
(555, 604)
(556, 557)
(556, 605)
(557, 558)
(557, 606)
(558, 559)
(558, 607)
(559, 560)
(559, 608)
(560, 561)
(560, 609)
(561, 562)
(561, 610)
(562, 563)
(562, 611)
(563, 564)
(563, 612)
(564, 565)
(564, 613)
(565, 566)
(565, 614)
(566, 567)
(566, 615)
(567, 568)
(567, 616)
(568, 569)
(568, 617)
(569, 570)
(569, 618)
(570, 571)
(570, 619)
(571, 572)
(571, 620)
(572, 573)
(572, 621)
(573, 574)
(573, 622)
(574, 575)
(574, 623)
(575, 576)
(575, 624)
(576, 577)
(576, 625)
(577, 578)
(577, 626)
(578, 579)
(578, 627)
(579, 580)
(579, 628)
(580, 581)
(580, 629)
(581, 582)
(581, 630)
(582, 583)
(582, 631)
(583, 584)
(583, 632)
(584, 585)
(584, 633)
(585, 586)
(585, 634)
(586, 587)
(586, 635)
(587, 636)
(588, 589)
(588, 637)
(589, 590)
(589, 638)
(590, 591)
(590, 639)
(591, 592)
(591, 640)
(592, 593)
(592, 641)
(593, 594)
(593, 642)
(594, 595)
(594, 643)
(595, 596)
(595, 644)
(596, 597)
(596, 645)
(597, 598)
(597, 646)
(598, 599)
(598, 647)
(599, 600)
(599, 648)
(600, 601)
(600, 649)
(601, 602)
(601, 650)
(602, 603)
(602, 651)
(603, 604)
(603, 652)
(604, 605)
(604, 653)
(605, 606)
(605, 654)
(606, 607)
(606, 655)
(607, 608)
(607, 656)
(608, 609)
(608, 657)
(609, 610)
(609, 658)
(610, 611)
(610, 659)
(611, 612)
(611, 660)
(612, 613)
(612, 661)
(613, 614)
(613, 662)
(614, 615)
(614, 663)
(615, 616)
(615, 664)
(616, 617)
(616, 665)
(617, 618)
(617, 666)
(618, 619)
(618, 667)
(619, 620)
(619, 668)
(620, 621)
(620, 669)
(621, 622)
(621, 670)
(622, 623)
(622, 671)
(623, 624)
(623, 672)
(624, 625)
(624, 673)
(625, 626)
(625, 674)
(626, 627)
(626, 675)
(627, 628)
(627, 676)
(628, 629)
(628, 677)
(629, 630)
(629, 678)
(630, 631)
(630, 679)
(631, 632)
(631, 680)
(632, 633)
(632, 681)
(633, 634)
(633, 682)
(634, 635)
(634, 683)
(635, 636)
(635, 684)
(636, 685)
(637, 638)
(637, 686)
(638, 639)
(638, 687)
(639, 640)
(639, 688)
(640, 641)
(640, 689)
(641, 642)
(641, 690)
(642, 643)
(642, 691)
(643, 644)
(643, 692)
(644, 645)
(644, 693)
(645, 646)
(645, 694)
(646, 647)
(646, 695)
(647, 648)
(647, 696)
(648, 649)
(648, 697)
(649, 650)
(649, 698)
(650, 651)
(650, 699)
(651, 652)
(651, 700)
(652, 653)
(652, 701)
(653, 654)
(653, 702)
(654, 655)
(654, 703)
(655, 656)
(655, 704)
(656, 657)
(656, 705)
(657, 658)
(657, 706)
(658, 659)
(658, 707)
(659, 660)
(659, 708)
(660, 661)
(660, 709)
(661, 662)
(661, 710)
(662, 663)
(662, 711)
(663, 664)
(663, 712)
(664, 665)
(664, 713)
(665, 666)
(665, 714)
(666, 667)
(666, 715)
(667, 668)
(667, 716)
(668, 669)
(668, 717)
(669, 670)
(669, 718)
(670, 671)
(670, 719)
(671, 672)
(671, 720)
(672, 673)
(672, 721)
(673, 674)
(673, 722)
(674, 675)
(674, 723)
(675, 676)
(675, 724)
(676, 677)
(676, 725)
(677, 678)
(677, 726)
(678, 679)
(678, 727)
(679, 680)
(679, 728)
(680, 681)
(680, 729)
(681, 682)
(681, 730)
(682, 683)
(682, 731)
(683, 684)
(683, 732)
(684, 685)
(684, 733)
(685, 734)
(686, 687)
(686, 735)
(687, 688)
(687, 736)
(688, 689)
(688, 737)
(689, 690)
(689, 738)
(690, 691)
(690, 739)
(691, 692)
(691, 740)
(692, 693)
(692, 741)
(693, 694)
(693, 742)
(694, 695)
(694, 743)
(695, 696)
(695, 744)
(696, 697)
(696, 745)
(697, 698)
(697, 746)
(698, 699)
(698, 747)
(699, 700)
(699, 748)
(700, 701)
(700, 749)
(701, 702)
(701, 750)
(702, 703)
(702, 751)
(703, 704)
(703, 752)
(704, 705)
(704, 753)
(705, 706)
(705, 754)
(706, 707)
(706, 755)
(707, 708)
(707, 756)
(708, 709)
(708, 757)
(709, 710)
(709, 758)
(710, 711)
(710, 759)
(711, 712)
(711, 760)
(712, 713)
(712, 761)
(713, 714)
(713, 762)
(714, 715)
(714, 763)
(715, 716)
(715, 764)
(716, 717)
(716, 765)
(717, 718)
(717, 766)
(718, 719)
(718, 767)
(719, 720)
(719, 768)
(720, 721)
(720, 769)
(721, 722)
(721, 770)
(722, 723)
(722, 771)
(723, 724)
(723, 772)
(724, 725)
(724, 773)
(725, 726)
(725, 774)
(726, 727)
(726, 775)
(727, 728)
(727, 776)
(728, 729)
(728, 777)
(729, 730)
(729, 778)
(730, 731)
(730, 779)
(731, 732)
(731, 780)
(732, 733)
(732, 781)
(733, 734)
(733, 782)
(734, 783)
(735, 736)
(735, 784)
(736, 737)
(736, 785)
(737, 738)
(737, 786)
(738, 739)
(738, 787)
(739, 740)
(739, 788)
(740, 741)
(740, 789)
(741, 742)
(741, 790)
(742, 743)
(742, 791)
(743, 744)
(743, 792)
(744, 745)
(744, 793)
(745, 746)
(745, 794)
(746, 747)
(746, 795)
(747, 748)
(747, 796)
(748, 749)
(748, 797)
(749, 750)
(749, 798)
(750, 751)
(750, 799)
(751, 752)
(751, 800)
(752, 753)
(752, 801)
(753, 754)
(753, 802)
(754, 755)
(754, 803)
(755, 756)
(755, 804)
(756, 757)
(756, 805)
(757, 758)
(757, 806)
(758, 759)
(758, 807)
(759, 760)
(759, 808)
(760, 761)
(760, 809)
(761, 762)
(761, 810)
(762, 763)
(762, 811)
(763, 764)
(763, 812)
(764, 765)
(764, 813)
(765, 766)
(765, 814)
(766, 767)
(766, 815)
(767, 768)
(767, 816)
(768, 769)
(768, 817)
(769, 770)
(769, 818)
(770, 771)
(770, 819)
(771, 772)
(771, 820)
(772, 773)
(772, 821)
(773, 774)
(773, 822)
(774, 775)
(774, 823)
(775, 776)
(775, 824)
(776, 777)
(776, 825)
(777, 778)
(777, 826)
(778, 779)
(778, 827)
(779, 780)
(779, 828)
(780, 781)
(780, 829)
(781, 782)
(781, 830)
(782, 783)
(782, 831)
(783, 832)
(784, 785)
(784, 833)
(785, 786)
(785, 834)
(786, 787)
(786, 835)
(787, 788)
(787, 836)
(788, 789)
(788, 837)
(789, 790)
(789, 838)
(790, 791)
(790, 839)
(791, 792)
(791, 840)
(792, 793)
(792, 841)
(793, 794)
(793, 842)
(794, 795)
(794, 843)
(795, 796)
(795, 844)
(796, 797)
(796, 845)
(797, 798)
(797, 846)
(798, 799)
(798, 847)
(799, 800)
(799, 848)
(800, 801)
(800, 849)
(801, 802)
(801, 850)
(802, 803)
(802, 851)
(803, 804)
(803, 852)
(804, 805)
(804, 853)
(805, 806)
(805, 854)
(806, 807)
(806, 855)
(807, 808)
(807, 856)
(808, 809)
(808, 857)
(809, 810)
(809, 858)
(810, 811)
(810, 859)
(811, 812)
(811, 860)
(812, 813)
(812, 861)
(813, 814)
(813, 862)
(814, 815)
(814, 863)
(815, 816)
(815, 864)
(816, 817)
(816, 865)
(817, 818)
(817, 866)
(818, 819)
(818, 867)
(819, 820)
(819, 868)
(820, 821)
(820, 869)
(821, 822)
(821, 870)
(822, 823)
(822, 871)
(823, 824)
(823, 872)
(824, 825)
(824, 873)
(825, 826)
(825, 874)
(826, 827)
(826, 875)
(827, 828)
(827, 876)
(828, 829)
(828, 877)
(829, 830)
(829, 878)
(830, 831)
(830, 879)
(831, 832)
(831, 880)
(832, 881)
(833, 834)
(833, 882)
(834, 835)
(834, 883)
(835, 836)
(835, 884)
(836, 837)
(836, 885)
(837, 838)
(837, 886)
(838, 839)
(838, 887)
(839, 840)
(839, 888)
(840, 841)
(840, 889)
(841, 842)
(841, 890)
(842, 843)
(842, 891)
(843, 844)
(843, 892)
(844, 845)
(844, 893)
(845, 846)
(845, 894)
(846, 847)
(846, 895)
(847, 848)
(847, 896)
(848, 849)
(848, 897)
(849, 850)
(849, 898)
(850, 851)
(850, 899)
(851, 852)
(851, 900)
(852, 853)
(852, 901)
(853, 854)
(853, 902)
(854, 855)
(854, 903)
(855, 856)
(855, 904)
(856, 857)
(856, 905)
(857, 858)
(857, 906)
(858, 859)
(858, 907)
(859, 860)
(859, 908)
(860, 861)
(860, 909)
(861, 862)
(861, 910)
(862, 863)
(862, 911)
(863, 864)
(863, 912)
(864, 865)
(864, 913)
(865, 866)
(865, 914)
(866, 867)
(866, 915)
(867, 868)
(867, 916)
(868, 869)
(868, 917)
(869, 870)
(869, 918)
(870, 871)
(870, 919)
(871, 872)
(871, 920)
(872, 873)
(872, 921)
(873, 874)
(873, 922)
(874, 875)
(874, 923)
(875, 876)
(875, 924)
(876, 877)
(876, 925)
(877, 878)
(877, 926)
(878, 879)
(878, 927)
(879, 880)
(879, 928)
(880, 881)
(880, 929)
(881, 930)
(882, 883)
(882, 931)
(883, 884)
(883, 932)
(884, 885)
(884, 933)
(885, 886)
(885, 934)
(886, 887)
(886, 935)
(887, 888)
(887, 936)
(888, 889)
(888, 937)
(889, 890)
(889, 938)
(890, 891)
(890, 939)
(891, 892)
(891, 940)
(892, 893)
(892, 941)
(893, 894)
(893, 942)
(894, 895)
(894, 943)
(895, 896)
(895, 944)
(896, 897)
(896, 945)
(897, 898)
(897, 946)
(898, 899)
(898, 947)
(899, 900)
(899, 948)
(900, 901)
(900, 949)
(901, 902)
(901, 950)
(902, 903)
(902, 951)
(903, 904)
(903, 952)
(904, 905)
(904, 953)
(905, 906)
(905, 954)
(906, 907)
(906, 955)
(907, 908)
(907, 956)
(908, 909)
(908, 957)
(909, 910)
(909, 958)
(910, 911)
(910, 959)
(911, 912)
(911, 960)
(912, 913)
(912, 961)
(913, 914)
(913, 962)
(914, 915)
(914, 963)
(915, 916)
(915, 964)
(916, 917)
(916, 965)
(917, 918)
(917, 966)
(918, 919)
(918, 967)
(919, 920)
(919, 968)
(920, 921)
(920, 969)
(921, 922)
(921, 970)
(922, 923)
(922, 971)
(923, 924)
(923, 972)
(924, 925)
(924, 973)
(925, 926)
(925, 974)
(926, 927)
(926, 975)
(927, 928)
(927, 976)
(928, 929)
(928, 977)
(929, 930)
(929, 978)
(930, 979)
(931, 932)
(931, 980)
(932, 933)
(932, 981)
(933, 934)
(933, 982)
(934, 935)
(934, 983)
(935, 936)
(935, 984)
(936, 937)
(936, 985)
(937, 938)
(937, 986)
(938, 939)
(938, 987)
(939, 940)
(939, 988)
(940, 941)
(940, 989)
(941, 942)
(941, 990)
(942, 943)
(942, 991)
(943, 944)
(943, 992)
(944, 945)
(944, 993)
(945, 946)
(945, 994)
(946, 947)
(946, 995)
(947, 948)
(947, 996)
(948, 949)
(948, 997)
(949, 950)
(949, 998)
(950, 951)
(950, 999)
(951, 952)
(951, 1000)
(952, 953)
(952, 1001)
(953, 954)
(953, 1002)
(954, 955)
(954, 1003)
(955, 956)
(955, 1004)
(956, 957)
(956, 1005)
(957, 958)
(957, 1006)
(958, 959)
(958, 1007)
(959, 960)
(959, 1008)
(960, 961)
(960, 1009)
(961, 962)
(961, 1010)
(962, 963)
(962, 1011)
(963, 964)
(963, 1012)
(964, 965)
(964, 1013)
(965, 966)
(965, 1014)
(966, 967)
(966, 1015)
(967, 968)
(967, 1016)
(968, 969)
(968, 1017)
(969, 970)
(969, 1018)
(970, 971)
(970, 1019)
(971, 972)
(971, 1020)
(972, 973)
(972, 1021)
(973, 974)
(973, 1022)
(974, 975)
(974, 1023)
(975, 976)
(975, 1024)
(976, 977)
(976, 1025)
(977, 978)
(977, 1026)
(978, 979)
(978, 1027)
(979, 1028)
(980, 981)
(980, 1029)
(981, 982)
(981, 1030)
(982, 983)
(982, 1031)
(983, 984)
(983, 1032)
(984, 985)
(984, 1033)
(985, 986)
(985, 1034)
(986, 987)
(986, 1035)
(987, 988)
(987, 1036)
(988, 989)
(988, 1037)
(989, 990)
(989, 1038)
(990, 991)
(990, 1039)
(991, 992)
(991, 1040)
(992, 993)
(992, 1041)
(993, 994)
(993, 1042)
(994, 995)
(994, 1043)
(995, 996)
(995, 1044)
(996, 997)
(996, 1045)
(997, 998)
(997, 1046)
(998, 999)
(998, 1047)
(999, 1000)
(999, 1048)
(1000, 1001)
(1000, 1049)
(1001, 1002)
(1001, 1050)
(1002, 1003)
(1002, 1051)
(1003, 1004)
(1003, 1052)
(1004, 1005)
(1004, 1053)
(1005, 1006)
(1005, 1054)
(1006, 1007)
(1006, 1055)
(1007, 1008)
(1007, 1056)
(1008, 1009)
(1008, 1057)
(1009, 1010)
(1009, 1058)
(1010, 1011)
(1010, 1059)
(1011, 1012)
(1011, 1060)
(1012, 1013)
(1012, 1061)
(1013, 1014)
(1013, 1062)
(1014, 1015)
(1014, 1063)
(1015, 1016)
(1015, 1064)
(1016, 1017)
(1016, 1065)
(1017, 1018)
(1017, 1066)
(1018, 1019)
(1018, 1067)
(1019, 1020)
(1019, 1068)
(1020, 1021)
(1020, 1069)
(1021, 1022)
(1021, 1070)
(1022, 1023)
(1022, 1071)
(1023, 1024)
(1023, 1072)
(1024, 1025)
(1024, 1073)
(1025, 1026)
(1025, 1074)
(1026, 1027)
(1026, 1075)
(1027, 1028)
(1027, 1076)
(1028, 1077)
(1029, 1030)
(1029, 1078)
(1030, 1031)
(1030, 1079)
(1031, 1032)
(1031, 1080)
(1032, 1033)
(1032, 1081)
(1033, 1034)
(1033, 1082)
(1034, 1035)
(1034, 1083)
(1035, 1036)
(1035, 1084)
(1036, 1037)
(1036, 1085)
(1037, 1038)
(1037, 1086)
(1038, 1039)
(1038, 1087)
(1039, 1040)
(1039, 1088)
(1040, 1041)
(1040, 1089)
(1041, 1042)
(1041, 1090)
(1042, 1043)
(1042, 1091)
(1043, 1044)
(1043, 1092)
(1044, 1045)
(1044, 1093)
(1045, 1046)
(1045, 1094)
(1046, 1047)
(1046, 1095)
(1047, 1048)
(1047, 1096)
(1048, 1049)
(1048, 1097)
(1049, 1050)
(1049, 1098)
(1050, 1051)
(1050, 1099)
(1051, 1052)
(1051, 1100)
(1052, 1053)
(1052, 1101)
(1053, 1054)
(1053, 1102)
(1054, 1055)
(1054, 1103)
(1055, 1056)
(1055, 1104)
(1056, 1057)
(1056, 1105)
(1057, 1058)
(1057, 1106)
(1058, 1059)
(1058, 1107)
(1059, 1060)
(1059, 1108)
(1060, 1061)
(1060, 1109)
(1061, 1062)
(1061, 1110)
(1062, 1063)
(1062, 1111)
(1063, 1064)
(1063, 1112)
(1064, 1065)
(1064, 1113)
(1065, 1066)
(1065, 1114)
(1066, 1067)
(1066, 1115)
(1067, 1068)
(1067, 1116)
(1068, 1069)
(1068, 1117)
(1069, 1070)
(1069, 1118)
(1070, 1071)
(1070, 1119)
(1071, 1072)
(1071, 1120)
(1072, 1073)
(1072, 1121)
(1073, 1074)
(1073, 1122)
(1074, 1075)
(1074, 1123)
(1075, 1076)
(1075, 1124)
(1076, 1077)
(1076, 1125)
(1077, 1126)
(1078, 1079)
(1078, 1127)
(1079, 1080)
(1079, 1128)
(1080, 1081)
(1080, 1129)
(1081, 1082)
(1081, 1130)
(1082, 1083)
(1082, 1131)
(1083, 1084)
(1083, 1132)
(1084, 1085)
(1084, 1133)
(1085, 1086)
(1085, 1134)
(1086, 1087)
(1086, 1135)
(1087, 1088)
(1087, 1136)
(1088, 1089)
(1088, 1137)
(1089, 1090)
(1089, 1138)
(1090, 1091)
(1090, 1139)
(1091, 1092)
(1091, 1140)
(1092, 1093)
(1092, 1141)
(1093, 1094)
(1093, 1142)
(1094, 1095)
(1094, 1143)
(1095, 1096)
(1095, 1144)
(1096, 1097)
(1096, 1145)
(1097, 1098)
(1097, 1146)
(1098, 1099)
(1098, 1147)
(1099, 1100)
(1099, 1148)
(1100, 1101)
(1100, 1149)
(1101, 1102)
(1101, 1150)
(1102, 1103)
(1102, 1151)
(1103, 1104)
(1103, 1152)
(1104, 1105)
(1104, 1153)
(1105, 1106)
(1105, 1154)
(1106, 1107)
(1106, 1155)
(1107, 1108)
(1107, 1156)
(1108, 1109)
(1108, 1157)
(1109, 1110)
(1109, 1158)
(1110, 1111)
(1110, 1159)
(1111, 1112)
(1111, 1160)
(1112, 1113)
(1112, 1161)
(1113, 1114)
(1113, 1162)
(1114, 1115)
(1114, 1163)
(1115, 1116)
(1115, 1164)
(1116, 1117)
(1116, 1165)
(1117, 1118)
(1117, 1166)
(1118, 1119)
(1118, 1167)
(1119, 1120)
(1119, 1168)
(1120, 1121)
(1120, 1169)
(1121, 1122)
(1121, 1170)
(1122, 1123)
(1122, 1171)
(1123, 1124)
(1123, 1172)
(1124, 1125)
(1124, 1173)
(1125, 1126)
(1125, 1174)
(1126, 1175)
(1127, 1128)
(1127, 1176)
(1128, 1129)
(1128, 1177)
(1129, 1130)
(1129, 1178)
(1130, 1131)
(1130, 1179)
(1131, 1132)
(1131, 1180)
(1132, 1133)
(1132, 1181)
(1133, 1134)
(1133, 1182)
(1134, 1135)
(1134, 1183)
(1135, 1136)
(1135, 1184)
(1136, 1137)
(1136, 1185)
(1137, 1138)
(1137, 1186)
(1138, 1139)
(1138, 1187)
(1139, 1140)
(1139, 1188)
(1140, 1141)
(1140, 1189)
(1141, 1142)
(1141, 1190)
(1142, 1143)
(1142, 1191)
(1143, 1144)
(1143, 1192)
(1144, 1145)
(1144, 1193)
(1145, 1146)
(1145, 1194)
(1146, 1147)
(1146, 1195)
(1147, 1148)
(1147, 1196)
(1148, 1149)
(1148, 1197)
(1149, 1150)
(1149, 1198)
(1150, 1151)
(1150, 1199)
(1151, 1152)
(1151, 1200)
(1152, 1153)
(1152, 1201)
(1153, 1154)
(1153, 1202)
(1154, 1155)
(1154, 1203)
(1155, 1156)
(1155, 1204)
(1156, 1157)
(1156, 1205)
(1157, 1158)
(1157, 1206)
(1158, 1159)
(1158, 1207)
(1159, 1160)
(1159, 1208)
(1160, 1161)
(1160, 1209)
(1161, 1162)
(1161, 1210)
(1162, 1163)
(1162, 1211)
(1163, 1164)
(1163, 1212)
(1164, 1165)
(1164, 1213)
(1165, 1166)
(1165, 1214)
(1166, 1167)
(1166, 1215)
(1167, 1168)
(1167, 1216)
(1168, 1169)
(1168, 1217)
(1169, 1170)
(1169, 1218)
(1170, 1171)
(1170, 1219)
(1171, 1172)
(1171, 1220)
(1172, 1173)
(1172, 1221)
(1173, 1174)
(1173, 1222)
(1174, 1175)
(1174, 1223)
(1175, 1224)
(1176, 1177)
(1176, 1225)
(1177, 1178)
(1177, 1226)
(1178, 1179)
(1178, 1227)
(1179, 1180)
(1179, 1228)
(1180, 1181)
(1180, 1229)
(1181, 1182)
(1181, 1230)
(1182, 1183)
(1182, 1231)
(1183, 1184)
(1183, 1232)
(1184, 1185)
(1184, 1233)
(1185, 1186)
(1185, 1234)
(1186, 1187)
(1186, 1235)
(1187, 1188)
(1187, 1236)
(1188, 1189)
(1188, 1237)
(1189, 1190)
(1189, 1238)
(1190, 1191)
(1190, 1239)
(1191, 1192)
(1191, 1240)
(1192, 1193)
(1192, 1241)
(1193, 1194)
(1193, 1242)
(1194, 1195)
(1194, 1243)
(1195, 1196)
(1195, 1244)
(1196, 1197)
(1196, 1245)
(1197, 1198)
(1197, 1246)
(1198, 1199)
(1198, 1247)
(1199, 1200)
(1199, 1248)
(1200, 1201)
(1200, 1249)
(1201, 1202)
(1201, 1250)
(1202, 1203)
(1202, 1251)
(1203, 1204)
(1203, 1252)
(1204, 1205)
(1204, 1253)
(1205, 1206)
(1205, 1254)
(1206, 1207)
(1206, 1255)
(1207, 1208)
(1207, 1256)
(1208, 1209)
(1208, 1257)
(1209, 1210)
(1209, 1258)
(1210, 1211)
(1210, 1259)
(1211, 1212)
(1211, 1260)
(1212, 1213)
(1212, 1261)
(1213, 1214)
(1213, 1262)
(1214, 1215)
(1214, 1263)
(1215, 1216)
(1215, 1264)
(1216, 1217)
(1216, 1265)
(1217, 1218)
(1217, 1266)
(1218, 1219)
(1218, 1267)
(1219, 1220)
(1219, 1268)
(1220, 1221)
(1220, 1269)
(1221, 1222)
(1221, 1270)
(1222, 1223)
(1222, 1271)
(1223, 1224)
(1223, 1272)
(1224, 1273)
(1225, 1226)
(1225, 1274)
(1226, 1227)
(1226, 1275)
(1227, 1228)
(1227, 1276)
(1228, 1229)
(1228, 1277)
(1229, 1230)
(1229, 1278)
(1230, 1231)
(1230, 1279)
(1231, 1232)
(1231, 1280)
(1232, 1233)
(1232, 1281)
(1233, 1234)
(1233, 1282)
(1234, 1235)
(1234, 1283)
(1235, 1236)
(1235, 1284)
(1236, 1237)
(1236, 1285)
(1237, 1238)
(1237, 1286)
(1238, 1239)
(1238, 1287)
(1239, 1240)
(1239, 1288)
(1240, 1241)
(1240, 1289)
(1241, 1242)
(1241, 1290)
(1242, 1243)
(1242, 1291)
(1243, 1244)
(1243, 1292)
(1244, 1245)
(1244, 1293)
(1245, 1246)
(1245, 1294)
(1246, 1247)
(1246, 1295)
(1247, 1248)
(1247, 1296)
(1248, 1249)
(1248, 1297)
(1249, 1250)
(1249, 1298)
(1250, 1251)
(1250, 1299)
(1251, 1252)
(1251, 1300)
(1252, 1253)
(1252, 1301)
(1253, 1254)
(1253, 1302)
(1254, 1255)
(1254, 1303)
(1255, 1256)
(1255, 1304)
(1256, 1257)
(1256, 1305)
(1257, 1258)
(1257, 1306)
(1258, 1259)
(1258, 1307)
(1259, 1260)
(1259, 1308)
(1260, 1261)
(1260, 1309)
(1261, 1262)
(1261, 1310)
(1262, 1263)
(1262, 1311)
(1263, 1264)
(1263, 1312)
(1264, 1265)
(1264, 1313)
(1265, 1266)
(1265, 1314)
(1266, 1267)
(1266, 1315)
(1267, 1268)
(1267, 1316)
(1268, 1269)
(1268, 1317)
(1269, 1270)
(1269, 1318)
(1270, 1271)
(1270, 1319)
(1271, 1272)
(1271, 1320)
(1272, 1273)
(1272, 1321)
(1273, 1322)
(1274, 1275)
(1274, 1323)
(1275, 1276)
(1275, 1324)
(1276, 1277)
(1276, 1325)
(1277, 1278)
(1277, 1326)
(1278, 1279)
(1278, 1327)
(1279, 1280)
(1279, 1328)
(1280, 1281)
(1280, 1329)
(1281, 1282)
(1281, 1330)
(1282, 1283)
(1282, 1331)
(1283, 1284)
(1283, 1332)
(1284, 1285)
(1284, 1333)
(1285, 1286)
(1285, 1334)
(1286, 1287)
(1286, 1335)
(1287, 1288)
(1287, 1336)
(1288, 1289)
(1288, 1337)
(1289, 1290)
(1289, 1338)
(1290, 1291)
(1290, 1339)
(1291, 1292)
(1291, 1340)
(1292, 1293)
(1292, 1341)
(1293, 1294)
(1293, 1342)
(1294, 1295)
(1294, 1343)
(1295, 1296)
(1295, 1344)
(1296, 1297)
(1296, 1345)
(1297, 1298)
(1297, 1346)
(1298, 1299)
(1298, 1347)
(1299, 1300)
(1299, 1348)
(1300, 1301)
(1300, 1349)
(1301, 1302)
(1301, 1350)
(1302, 1303)
(1302, 1351)
(1303, 1304)
(1303, 1352)
(1304, 1305)
(1304, 1353)
(1305, 1306)
(1305, 1354)
(1306, 1307)
(1306, 1355)
(1307, 1308)
(1307, 1356)
(1308, 1309)
(1308, 1357)
(1309, 1310)
(1309, 1358)
(1310, 1311)
(1310, 1359)
(1311, 1312)
(1311, 1360)
(1312, 1313)
(1312, 1361)
(1313, 1314)
(1313, 1362)
(1314, 1315)
(1314, 1363)
(1315, 1316)
(1315, 1364)
(1316, 1317)
(1316, 1365)
(1317, 1318)
(1317, 1366)
(1318, 1319)
(1318, 1367)
(1319, 1320)
(1319, 1368)
(1320, 1321)
(1320, 1369)
(1321, 1322)
(1321, 1370)
(1322, 1371)
(1323, 1324)
(1323, 1372)
(1324, 1325)
(1324, 1373)
(1325, 1326)
(1325, 1374)
(1326, 1327)
(1326, 1375)
(1327, 1328)
(1327, 1376)
(1328, 1329)
(1328, 1377)
(1329, 1330)
(1329, 1378)
(1330, 1331)
(1330, 1379)
(1331, 1332)
(1331, 1380)
(1332, 1333)
(1332, 1381)
(1333, 1334)
(1333, 1382)
(1334, 1335)
(1334, 1383)
(1335, 1336)
(1335, 1384)
(1336, 1337)
(1336, 1385)
(1337, 1338)
(1337, 1386)
(1338, 1339)
(1338, 1387)
(1339, 1340)
(1339, 1388)
(1340, 1341)
(1340, 1389)
(1341, 1342)
(1341, 1390)
(1342, 1343)
(1342, 1391)
(1343, 1344)
(1343, 1392)
(1344, 1345)
(1344, 1393)
(1345, 1346)
(1345, 1394)
(1346, 1347)
(1346, 1395)
(1347, 1348)
(1347, 1396)
(1348, 1349)
(1348, 1397)
(1349, 1350)
(1349, 1398)
(1350, 1351)
(1350, 1399)
(1351, 1352)
(1351, 1400)
(1352, 1353)
(1352, 1401)
(1353, 1354)
(1353, 1402)
(1354, 1355)
(1354, 1403)
(1355, 1356)
(1355, 1404)
(1356, 1357)
(1356, 1405)
(1357, 1358)
(1357, 1406)
(1358, 1359)
(1358, 1407)
(1359, 1360)
(1359, 1408)
(1360, 1361)
(1360, 1409)
(1361, 1362)
(1361, 1410)
(1362, 1363)
(1362, 1411)
(1363, 1364)
(1363, 1412)
(1364, 1365)
(1364, 1413)
(1365, 1366)
(1365, 1414)
(1366, 1367)
(1366, 1415)
(1367, 1368)
(1367, 1416)
(1368, 1369)
(1368, 1417)
(1369, 1370)
(1369, 1418)
(1370, 1371)
(1370, 1419)
(1371, 1420)
(1372, 1373)
(1372, 1421)
(1373, 1374)
(1373, 1422)
(1374, 1375)
(1374, 1423)
(1375, 1376)
(1375, 1424)
(1376, 1377)
(1376, 1425)
(1377, 1378)
(1377, 1426)
(1378, 1379)
(1378, 1427)
(1379, 1380)
(1379, 1428)
(1380, 1381)
(1380, 1429)
(1381, 1382)
(1381, 1430)
(1382, 1383)
(1382, 1431)
(1383, 1384)
(1383, 1432)
(1384, 1385)
(1384, 1433)
(1385, 1386)
(1385, 1434)
(1386, 1387)
(1386, 1435)
(1387, 1388)
(1387, 1436)
(1388, 1389)
(1388, 1437)
(1389, 1390)
(1389, 1438)
(1390, 1391)
(1390, 1439)
(1391, 1392)
(1391, 1440)
(1392, 1393)
(1392, 1441)
(1393, 1394)
(1393, 1442)
(1394, 1395)
(1394, 1443)
(1395, 1396)
(1395, 1444)
(1396, 1397)
(1396, 1445)
(1397, 1398)
(1397, 1446)
(1398, 1399)
(1398, 1447)
(1399, 1400)
(1399, 1448)
(1400, 1401)
(1400, 1449)
(1401, 1402)
(1401, 1450)
(1402, 1403)
(1402, 1451)
(1403, 1404)
(1403, 1452)
(1404, 1405)
(1404, 1453)
(1405, 1406)
(1405, 1454)
(1406, 1407)
(1406, 1455)
(1407, 1408)
(1407, 1456)
(1408, 1409)
(1408, 1457)
(1409, 1410)
(1409, 1458)
(1410, 1411)
(1410, 1459)
(1411, 1412)
(1411, 1460)
(1412, 1413)
(1412, 1461)
(1413, 1414)
(1413, 1462)
(1414, 1415)
(1414, 1463)
(1415, 1416)
(1415, 1464)
(1416, 1417)
(1416, 1465)
(1417, 1418)
(1417, 1466)
(1418, 1419)
(1418, 1467)
(1419, 1420)
(1419, 1468)
(1420, 1469)
(1421, 1422)
(1421, 1470)
(1422, 1423)
(1422, 1471)
(1423, 1424)
(1423, 1472)
(1424, 1425)
(1424, 1473)
(1425, 1426)
(1425, 1474)
(1426, 1427)
(1426, 1475)
(1427, 1428)
(1427, 1476)
(1428, 1429)
(1428, 1477)
(1429, 1430)
(1429, 1478)
(1430, 1431)
(1430, 1479)
(1431, 1432)
(1431, 1480)
(1432, 1433)
(1432, 1481)
(1433, 1434)
(1433, 1482)
(1434, 1435)
(1434, 1483)
(1435, 1436)
(1435, 1484)
(1436, 1437)
(1436, 1485)
(1437, 1438)
(1437, 1486)
(1438, 1439)
(1438, 1487)
(1439, 1440)
(1439, 1488)
(1440, 1441)
(1440, 1489)
(1441, 1442)
(1441, 1490)
(1442, 1443)
(1442, 1491)
(1443, 1444)
(1443, 1492)
(1444, 1445)
(1444, 1493)
(1445, 1446)
(1445, 1494)
(1446, 1447)
(1446, 1495)
(1447, 1448)
(1447, 1496)
(1448, 1449)
(1448, 1497)
(1449, 1450)
(1449, 1498)
(1450, 1451)
(1450, 1499)
(1451, 1452)
(1451, 1500)
(1452, 1453)
(1452, 1501)
(1453, 1454)
(1453, 1502)
(1454, 1455)
(1454, 1503)
(1455, 1456)
(1455, 1504)
(1456, 1457)
(1456, 1505)
(1457, 1458)
(1457, 1506)
(1458, 1459)
(1458, 1507)
(1459, 1460)
(1459, 1508)
(1460, 1461)
(1460, 1509)
(1461, 1462)
(1461, 1510)
(1462, 1463)
(1462, 1511)
(1463, 1464)
(1463, 1512)
(1464, 1465)
(1464, 1513)
(1465, 1466)
(1465, 1514)
(1466, 1467)
(1466, 1515)
(1467, 1468)
(1467, 1516)
(1468, 1469)
(1468, 1517)
(1469, 1518)
(1470, 1471)
(1470, 1519)
(1471, 1472)
(1471, 1520)
(1472, 1473)
(1472, 1521)
(1473, 1474)
(1473, 1522)
(1474, 1475)
(1474, 1523)
(1475, 1476)
(1475, 1524)
(1476, 1477)
(1476, 1525)
(1477, 1478)
(1477, 1526)
(1478, 1479)
(1478, 1527)
(1479, 1480)
(1479, 1528)
(1480, 1481)
(1480, 1529)
(1481, 1482)
(1481, 1530)
(1482, 1483)
(1482, 1531)
(1483, 1484)
(1483, 1532)
(1484, 1485)
(1484, 1533)
(1485, 1486)
(1485, 1534)
(1486, 1487)
(1486, 1535)
(1487, 1488)
(1487, 1536)
(1488, 1489)
(1488, 1537)
(1489, 1490)
(1489, 1538)
(1490, 1491)
(1490, 1539)
(1491, 1492)
(1491, 1540)
(1492, 1493)
(1492, 1541)
(1493, 1494)
(1493, 1542)
(1494, 1495)
(1494, 1543)
(1495, 1496)
(1495, 1544)
(1496, 1497)
(1496, 1545)
(1497, 1498)
(1497, 1546)
(1498, 1499)
(1498, 1547)
(1499, 1500)
(1499, 1548)
(1500, 1501)
(1500, 1549)
(1501, 1502)
(1501, 1550)
(1502, 1503)
(1502, 1551)
(1503, 1504)
(1503, 1552)
(1504, 1505)
(1504, 1553)
(1505, 1506)
(1505, 1554)
(1506, 1507)
(1506, 1555)
(1507, 1508)
(1507, 1556)
(1508, 1509)
(1508, 1557)
(1509, 1510)
(1509, 1558)
(1510, 1511)
(1510, 1559)
(1511, 1512)
(1511, 1560)
(1512, 1513)
(1512, 1561)
(1513, 1514)
(1513, 1562)
(1514, 1515)
(1514, 1563)
(1515, 1516)
(1515, 1564)
(1516, 1517)
(1516, 1565)
(1517, 1518)
(1517, 1566)
(1518, 1567)
(1519, 1520)
(1519, 1568)
(1520, 1521)
(1520, 1569)
(1521, 1522)
(1521, 1570)
(1522, 1523)
(1522, 1571)
(1523, 1524)
(1523, 1572)
(1524, 1525)
(1524, 1573)
(1525, 1526)
(1525, 1574)
(1526, 1527)
(1526, 1575)
(1527, 1528)
(1527, 1576)
(1528, 1529)
(1528, 1577)
(1529, 1530)
(1529, 1578)
(1530, 1531)
(1530, 1579)
(1531, 1532)
(1531, 1580)
(1532, 1533)
(1532, 1581)
(1533, 1534)
(1533, 1582)
(1534, 1535)
(1534, 1583)
(1535, 1536)
(1535, 1584)
(1536, 1537)
(1536, 1585)
(1537, 1538)
(1537, 1586)
(1538, 1539)
(1538, 1587)
(1539, 1540)
(1539, 1588)
(1540, 1541)
(1540, 1589)
(1541, 1542)
(1541, 1590)
(1542, 1543)
(1542, 1591)
(1543, 1544)
(1543, 1592)
(1544, 1545)
(1544, 1593)
(1545, 1546)
(1545, 1594)
(1546, 1547)
(1546, 1595)
(1547, 1548)
(1547, 1596)
(1548, 1549)
(1548, 1597)
(1549, 1550)
(1549, 1598)
(1550, 1551)
(1550, 1599)
(1551, 1552)
(1551, 1600)
(1552, 1553)
(1552, 1601)
(1553, 1554)
(1553, 1602)
(1554, 1555)
(1554, 1603)
(1555, 1556)
(1555, 1604)
(1556, 1557)
(1556, 1605)
(1557, 1558)
(1557, 1606)
(1558, 1559)
(1558, 1607)
(1559, 1560)
(1559, 1608)
(1560, 1561)
(1560, 1609)
(1561, 1562)
(1561, 1610)
(1562, 1563)
(1562, 1611)
(1563, 1564)
(1563, 1612)
(1564, 1565)
(1564, 1613)
(1565, 1566)
(1565, 1614)
(1566, 1567)
(1566, 1615)
(1567, 1616)
(1568, 1569)
(1568, 1617)
(1569, 1570)
(1569, 1618)
(1570, 1571)
(1570, 1619)
(1571, 1572)
(1571, 1620)
(1572, 1573)
(1572, 1621)
(1573, 1574)
(1573, 1622)
(1574, 1575)
(1574, 1623)
(1575, 1576)
(1575, 1624)
(1576, 1577)
(1576, 1625)
(1577, 1578)
(1577, 1626)
(1578, 1579)
(1578, 1627)
(1579, 1580)
(1579, 1628)
(1580, 1581)
(1580, 1629)
(1581, 1582)
(1581, 1630)
(1582, 1583)
(1582, 1631)
(1583, 1584)
(1583, 1632)
(1584, 1585)
(1584, 1633)
(1585, 1586)
(1585, 1634)
(1586, 1587)
(1586, 1635)
(1587, 1588)
(1587, 1636)
(1588, 1589)
(1588, 1637)
(1589, 1590)
(1589, 1638)
(1590, 1591)
(1590, 1639)
(1591, 1592)
(1591, 1640)
(1592, 1593)
(1592, 1641)
(1593, 1594)
(1593, 1642)
(1594, 1595)
(1594, 1643)
(1595, 1596)
(1595, 1644)
(1596, 1597)
(1596, 1645)
(1597, 1598)
(1597, 1646)
(1598, 1599)
(1598, 1647)
(1599, 1600)
(1599, 1648)
(1600, 1601)
(1600, 1649)
(1601, 1602)
(1601, 1650)
(1602, 1603)
(1602, 1651)
(1603, 1604)
(1603, 1652)
(1604, 1605)
(1604, 1653)
(1605, 1606)
(1605, 1654)
(1606, 1607)
(1606, 1655)
(1607, 1608)
(1607, 1656)
(1608, 1609)
(1608, 1657)
(1609, 1610)
(1609, 1658)
(1610, 1611)
(1610, 1659)
(1611, 1612)
(1611, 1660)
(1612, 1613)
(1612, 1661)
(1613, 1614)
(1613, 1662)
(1614, 1615)
(1614, 1663)
(1615, 1616)
(1615, 1664)
(1616, 1665)
(1617, 1618)
(1617, 1666)
(1618, 1619)
(1618, 1667)
(1619, 1620)
(1619, 1668)
(1620, 1621)
(1620, 1669)
(1621, 1622)
(1621, 1670)
(1622, 1623)
(1622, 1671)
(1623, 1624)
(1623, 1672)
(1624, 1625)
(1624, 1673)
(1625, 1626)
(1625, 1674)
(1626, 1627)
(1626, 1675)
(1627, 1628)
(1627, 1676)
(1628, 1629)
(1628, 1677)
(1629, 1630)
(1629, 1678)
(1630, 1631)
(1630, 1679)
(1631, 1632)
(1631, 1680)
(1632, 1633)
(1632, 1681)
(1633, 1634)
(1633, 1682)
(1634, 1635)
(1634, 1683)
(1635, 1636)
(1635, 1684)
(1636, 1637)
(1636, 1685)
(1637, 1638)
(1637, 1686)
(1638, 1639)
(1638, 1687)
(1639, 1640)
(1639, 1688)
(1640, 1641)
(1640, 1689)
(1641, 1642)
(1641, 1690)
(1642, 1643)
(1642, 1691)
(1643, 1644)
(1643, 1692)
(1644, 1645)
(1644, 1693)
(1645, 1646)
(1645, 1694)
(1646, 1647)
(1646, 1695)
(1647, 1648)
(1647, 1696)
(1648, 1649)
(1648, 1697)
(1649, 1650)
(1649, 1698)
(1650, 1651)
(1650, 1699)
(1651, 1652)
(1651, 1700)
(1652, 1653)
(1652, 1701)
(1653, 1654)
(1653, 1702)
(1654, 1655)
(1654, 1703)
(1655, 1656)
(1655, 1704)
(1656, 1657)
(1656, 1705)
(1657, 1658)
(1657, 1706)
(1658, 1659)
(1658, 1707)
(1659, 1660)
(1659, 1708)
(1660, 1661)
(1660, 1709)
(1661, 1662)
(1661, 1710)
(1662, 1663)
(1662, 1711)
(1663, 1664)
(1663, 1712)
(1664, 1665)
(1664, 1713)
(1665, 1714)
(1666, 1667)
(1666, 1715)
(1667, 1668)
(1667, 1716)
(1668, 1669)
(1668, 1717)
(1669, 1670)
(1669, 1718)
(1670, 1671)
(1670, 1719)
(1671, 1672)
(1671, 1720)
(1672, 1673)
(1672, 1721)
(1673, 1674)
(1673, 1722)
(1674, 1675)
(1674, 1723)
(1675, 1676)
(1675, 1724)
(1676, 1677)
(1676, 1725)
(1677, 1678)
(1677, 1726)
(1678, 1679)
(1678, 1727)
(1679, 1680)
(1679, 1728)
(1680, 1681)
(1680, 1729)
(1681, 1682)
(1681, 1730)
(1682, 1683)
(1682, 1731)
(1683, 1684)
(1683, 1732)
(1684, 1685)
(1684, 1733)
(1685, 1686)
(1685, 1734)
(1686, 1687)
(1686, 1735)
(1687, 1688)
(1687, 1736)
(1688, 1689)
(1688, 1737)
(1689, 1690)
(1689, 1738)
(1690, 1691)
(1690, 1739)
(1691, 1692)
(1691, 1740)
(1692, 1693)
(1692, 1741)
(1693, 1694)
(1693, 1742)
(1694, 1695)
(1694, 1743)
(1695, 1696)
(1695, 1744)
(1696, 1697)
(1696, 1745)
(1697, 1698)
(1697, 1746)
(1698, 1699)
(1698, 1747)
(1699, 1700)
(1699, 1748)
(1700, 1701)
(1700, 1749)
(1701, 1702)
(1701, 1750)
(1702, 1703)
(1702, 1751)
(1703, 1704)
(1703, 1752)
(1704, 1705)
(1704, 1753)
(1705, 1706)
(1705, 1754)
(1706, 1707)
(1706, 1755)
(1707, 1708)
(1707, 1756)
(1708, 1709)
(1708, 1757)
(1709, 1710)
(1709, 1758)
(1710, 1711)
(1710, 1759)
(1711, 1712)
(1711, 1760)
(1712, 1713)
(1712, 1761)
(1713, 1714)
(1713, 1762)
(1714, 1763)
(1715, 1716)
(1715, 1764)
(1716, 1717)
(1716, 1765)
(1717, 1718)
(1717, 1766)
(1718, 1719)
(1718, 1767)
(1719, 1720)
(1719, 1768)
(1720, 1721)
(1720, 1769)
(1721, 1722)
(1721, 1770)
(1722, 1723)
(1722, 1771)
(1723, 1724)
(1723, 1772)
(1724, 1725)
(1724, 1773)
(1725, 1726)
(1725, 1774)
(1726, 1727)
(1726, 1775)
(1727, 1728)
(1727, 1776)
(1728, 1729)
(1728, 1777)
(1729, 1730)
(1729, 1778)
(1730, 1731)
(1730, 1779)
(1731, 1732)
(1731, 1780)
(1732, 1733)
(1732, 1781)
(1733, 1734)
(1733, 1782)
(1734, 1735)
(1734, 1783)
(1735, 1736)
(1735, 1784)
(1736, 1737)
(1736, 1785)
(1737, 1738)
(1737, 1786)
(1738, 1739)
(1738, 1787)
(1739, 1740)
(1739, 1788)
(1740, 1741)
(1740, 1789)
(1741, 1742)
(1741, 1790)
(1742, 1743)
(1742, 1791)
(1743, 1744)
(1743, 1792)
(1744, 1745)
(1744, 1793)
(1745, 1746)
(1745, 1794)
(1746, 1747)
(1746, 1795)
(1747, 1748)
(1747, 1796)
(1748, 1749)
(1748, 1797)
(1749, 1750)
(1749, 1798)
(1750, 1751)
(1750, 1799)
(1751, 1752)
(1751, 1800)
(1752, 1753)
(1752, 1801)
(1753, 1754)
(1753, 1802)
(1754, 1755)
(1754, 1803)
(1755, 1756)
(1755, 1804)
(1756, 1757)
(1756, 1805)
(1757, 1758)
(1757, 1806)
(1758, 1759)
(1758, 1807)
(1759, 1760)
(1759, 1808)
(1760, 1761)
(1760, 1809)
(1761, 1762)
(1761, 1810)
(1762, 1763)
(1762, 1811)
(1763, 1812)
(1764, 1765)
(1764, 1813)
(1765, 1766)
(1765, 1814)
(1766, 1767)
(1766, 1815)
(1767, 1768)
(1767, 1816)
(1768, 1769)
(1768, 1817)
(1769, 1770)
(1769, 1818)
(1770, 1771)
(1770, 1819)
(1771, 1772)
(1771, 1820)
(1772, 1773)
(1772, 1821)
(1773, 1774)
(1773, 1822)
(1774, 1775)
(1774, 1823)
(1775, 1776)
(1775, 1824)
(1776, 1777)
(1776, 1825)
(1777, 1778)
(1777, 1826)
(1778, 1779)
(1778, 1827)
(1779, 1780)
(1779, 1828)
(1780, 1781)
(1780, 1829)
(1781, 1782)
(1781, 1830)
(1782, 1783)
(1782, 1831)
(1783, 1784)
(1783, 1832)
(1784, 1785)
(1784, 1833)
(1785, 1786)
(1785, 1834)
(1786, 1787)
(1786, 1835)
(1787, 1788)
(1787, 1836)
(1788, 1789)
(1788, 1837)
(1789, 1790)
(1789, 1838)
(1790, 1791)
(1790, 1839)
(1791, 1792)
(1791, 1840)
(1792, 1793)
(1792, 1841)
(1793, 1794)
(1793, 1842)
(1794, 1795)
(1794, 1843)
(1795, 1796)
(1795, 1844)
(1796, 1797)
(1796, 1845)
(1797, 1798)
(1797, 1846)
(1798, 1799)
(1798, 1847)
(1799, 1800)
(1799, 1848)
(1800, 1801)
(1800, 1849)
(1801, 1802)
(1801, 1850)
(1802, 1803)
(1802, 1851)
(1803, 1804)
(1803, 1852)
(1804, 1805)
(1804, 1853)
(1805, 1806)
(1805, 1854)
(1806, 1807)
(1806, 1855)
(1807, 1808)
(1807, 1856)
(1808, 1809)
(1808, 1857)
(1809, 1810)
(1809, 1858)
(1810, 1811)
(1810, 1859)
(1811, 1812)
(1811, 1860)
(1812, 1861)
(1813, 1814)
(1813, 1862)
(1814, 1815)
(1814, 1863)
(1815, 1816)
(1815, 1864)
(1816, 1817)
(1816, 1865)
(1817, 1818)
(1817, 1866)
(1818, 1819)
(1818, 1867)
(1819, 1820)
(1819, 1868)
(1820, 1821)
(1820, 1869)
(1821, 1822)
(1821, 1870)
(1822, 1823)
(1822, 1871)
(1823, 1824)
(1823, 1872)
(1824, 1825)
(1824, 1873)
(1825, 1826)
(1825, 1874)
(1826, 1827)
(1826, 1875)
(1827, 1828)
(1827, 1876)
(1828, 1829)
(1828, 1877)
(1829, 1830)
(1829, 1878)
(1830, 1831)
(1830, 1879)
(1831, 1832)
(1831, 1880)
(1832, 1833)
(1832, 1881)
(1833, 1834)
(1833, 1882)
(1834, 1835)
(1834, 1883)
(1835, 1836)
(1835, 1884)
(1836, 1837)
(1836, 1885)
(1837, 1838)
(1837, 1886)
(1838, 1839)
(1838, 1887)
(1839, 1840)
(1839, 1888)
(1840, 1841)
(1840, 1889)
(1841, 1842)
(1841, 1890)
(1842, 1843)
(1842, 1891)
(1843, 1844)
(1843, 1892)
(1844, 1845)
(1844, 1893)
(1845, 1846)
(1845, 1894)
(1846, 1847)
(1846, 1895)
(1847, 1848)
(1847, 1896)
(1848, 1849)
(1848, 1897)
(1849, 1850)
(1849, 1898)
(1850, 1851)
(1850, 1899)
(1851, 1852)
(1851, 1900)
(1852, 1853)
(1852, 1901)
(1853, 1854)
(1853, 1902)
(1854, 1855)
(1854, 1903)
(1855, 1856)
(1855, 1904)
(1856, 1857)
(1856, 1905)
(1857, 1858)
(1857, 1906)
(1858, 1859)
(1858, 1907)
(1859, 1860)
(1859, 1908)
(1860, 1861)
(1860, 1909)
(1861, 1910)
(1862, 1863)
(1862, 1911)
(1863, 1864)
(1863, 1912)
(1864, 1865)
(1864, 1913)
(1865, 1866)
(1865, 1914)
(1866, 1867)
(1866, 1915)
(1867, 1868)
(1867, 1916)
(1868, 1869)
(1868, 1917)
(1869, 1870)
(1869, 1918)
(1870, 1871)
(1870, 1919)
(1871, 1872)
(1871, 1920)
(1872, 1873)
(1872, 1921)
(1873, 1874)
(1873, 1922)
(1874, 1875)
(1874, 1923)
(1875, 1876)
(1875, 1924)
(1876, 1877)
(1876, 1925)
(1877, 1878)
(1877, 1926)
(1878, 1879)
(1878, 1927)
(1879, 1880)
(1879, 1928)
(1880, 1881)
(1880, 1929)
(1881, 1882)
(1881, 1930)
(1882, 1883)
(1882, 1931)
(1883, 1884)
(1883, 1932)
(1884, 1885)
(1884, 1933)
(1885, 1886)
(1885, 1934)
(1886, 1887)
(1886, 1935)
(1887, 1888)
(1887, 1936)
(1888, 1889)
(1888, 1937)
(1889, 1890)
(1889, 1938)
(1890, 1891)
(1890, 1939)
(1891, 1892)
(1891, 1940)
(1892, 1893)
(1892, 1941)
(1893, 1894)
(1893, 1942)
(1894, 1895)
(1894, 1943)
(1895, 1896)
(1895, 1944)
(1896, 1897)
(1896, 1945)
(1897, 1898)
(1897, 1946)
(1898, 1899)
(1898, 1947)
(1899, 1900)
(1899, 1948)
(1900, 1901)
(1900, 1949)
(1901, 1902)
(1901, 1950)
(1902, 1903)
(1902, 1951)
(1903, 1904)
(1903, 1952)
(1904, 1905)
(1904, 1953)
(1905, 1906)
(1905, 1954)
(1906, 1907)
(1906, 1955)
(1907, 1908)
(1907, 1956)
(1908, 1909)
(1908, 1957)
(1909, 1910)
(1909, 1958)
(1910, 1959)
(1911, 1912)
(1911, 1960)
(1912, 1913)
(1912, 1961)
(1913, 1914)
(1913, 1962)
(1914, 1915)
(1914, 1963)
(1915, 1916)
(1915, 1964)
(1916, 1917)
(1916, 1965)
(1917, 1918)
(1917, 1966)
(1918, 1919)
(1918, 1967)
(1919, 1920)
(1919, 1968)
(1920, 1921)
(1920, 1969)
(1921, 1922)
(1921, 1970)
(1922, 1923)
(1922, 1971)
(1923, 1924)
(1923, 1972)
(1924, 1925)
(1924, 1973)
(1925, 1926)
(1925, 1974)
(1926, 1927)
(1926, 1975)
(1927, 1928)
(1927, 1976)
(1928, 1929)
(1928, 1977)
(1929, 1930)
(1929, 1978)
(1930, 1931)
(1930, 1979)
(1931, 1932)
(1931, 1980)
(1932, 1933)
(1932, 1981)
(1933, 1934)
(1933, 1982)
(1934, 1935)
(1934, 1983)
(1935, 1936)
(1935, 1984)
(1936, 1937)
(1936, 1985)
(1937, 1938)
(1937, 1986)
(1938, 1939)
(1938, 1987)
(1939, 1940)
(1939, 1988)
(1940, 1941)
(1940, 1989)
(1941, 1942)
(1941, 1990)
(1942, 1943)
(1942, 1991)
(1943, 1944)
(1943, 1992)
(1944, 1945)
(1944, 1993)
(1945, 1946)
(1945, 1994)
(1946, 1947)
(1946, 1995)
(1947, 1948)
(1947, 1996)
(1948, 1949)
(1948, 1997)
(1949, 1950)
(1949, 1998)
(1950, 1951)
(1950, 1999)
(1951, 1952)
(1951, 2000)
(1952, 1953)
(1952, 2001)
(1953, 1954)
(1953, 2002)
(1954, 1955)
(1954, 2003)
(1955, 1956)
(1955, 2004)
(1956, 1957)
(1956, 2005)
(1957, 1958)
(1957, 2006)
(1958, 1959)
(1958, 2007)
(1959, 2008)
(1960, 1961)
(1960, 2009)
(1961, 1962)
(1961, 2010)
(1962, 1963)
(1962, 2011)
(1963, 1964)
(1963, 2012)
(1964, 1965)
(1964, 2013)
(1965, 1966)
(1965, 2014)
(1966, 1967)
(1966, 2015)
(1967, 1968)
(1967, 2016)
(1968, 1969)
(1968, 2017)
(1969, 1970)
(1969, 2018)
(1970, 1971)
(1970, 2019)
(1971, 1972)
(1971, 2020)
(1972, 1973)
(1972, 2021)
(1973, 1974)
(1973, 2022)
(1974, 1975)
(1974, 2023)
(1975, 1976)
(1975, 2024)
(1976, 1977)
(1976, 2025)
(1977, 1978)
(1977, 2026)
(1978, 1979)
(1978, 2027)
(1979, 1980)
(1979, 2028)
(1980, 1981)
(1980, 2029)
(1981, 1982)
(1981, 2030)
(1982, 1983)
(1982, 2031)
(1983, 1984)
(1983, 2032)
(1984, 1985)
(1984, 2033)
(1985, 1986)
(1985, 2034)
(1986, 1987)
(1986, 2035)
(1987, 1988)
(1987, 2036)
(1988, 1989)
(1988, 2037)
(1989, 1990)
(1989, 2038)
(1990, 1991)
(1990, 2039)
(1991, 1992)
(1991, 2040)
(1992, 1993)
(1992, 2041)
(1993, 1994)
(1993, 2042)
(1994, 1995)
(1994, 2043)
(1995, 1996)
(1995, 2044)
(1996, 1997)
(1996, 2045)
(1997, 1998)
(1997, 2046)
(1998, 1999)
(1998, 2047)
(1999, 2000)
(1999, 2048)
(2000, 2001)
(2000, 2049)
(2001, 2002)
(2001, 2050)
(2002, 2003)
(2002, 2051)
(2003, 2004)
(2003, 2052)
(2004, 2005)
(2004, 2053)
(2005, 2006)
(2005, 2054)
(2006, 2007)
(2006, 2055)
(2007, 2008)
(2007, 2056)
(2008, 2057)
(2009, 2010)
(2009, 2058)
(2010, 2011)
(2010, 2059)
(2011, 2012)
(2011, 2060)
(2012, 2013)
(2012, 2061)
(2013, 2014)
(2013, 2062)
(2014, 2015)
(2014, 2063)
(2015, 2016)
(2015, 2064)
(2016, 2017)
(2016, 2065)
(2017, 2018)
(2017, 2066)
(2018, 2019)
(2018, 2067)
(2019, 2020)
(2019, 2068)
(2020, 2021)
(2020, 2069)
(2021, 2022)
(2021, 2070)
(2022, 2023)
(2022, 2071)
(2023, 2024)
(2023, 2072)
(2024, 2025)
(2024, 2073)
(2025, 2026)
(2025, 2074)
(2026, 2027)
(2026, 2075)
(2027, 2028)
(2027, 2076)
(2028, 2029)
(2028, 2077)
(2029, 2030)
(2029, 2078)
(2030, 2031)
(2030, 2079)
(2031, 2032)
(2031, 2080)
(2032, 2033)
(2032, 2081)
(2033, 2034)
(2033, 2082)
(2034, 2035)
(2034, 2083)
(2035, 2036)
(2035, 2084)
(2036, 2037)
(2036, 2085)
(2037, 2038)
(2037, 2086)
(2038, 2039)
(2038, 2087)
(2039, 2040)
(2039, 2088)
(2040, 2041)
(2040, 2089)
(2041, 2042)
(2041, 2090)
(2042, 2043)
(2042, 2091)
(2043, 2044)
(2043, 2092)
(2044, 2045)
(2044, 2093)
(2045, 2046)
(2045, 2094)
(2046, 2047)
(2046, 2095)
(2047, 2048)
(2047, 2096)
(2048, 2049)
(2048, 2097)
(2049, 2050)
(2049, 2098)
(2050, 2051)
(2050, 2099)
(2051, 2052)
(2051, 2100)
(2052, 2053)
(2052, 2101)
(2053, 2054)
(2053, 2102)
(2054, 2055)
(2054, 2103)
(2055, 2056)
(2055, 2104)
(2056, 2057)
(2056, 2105)
(2057, 2106)
(2058, 2059)
(2058, 2107)
(2059, 2060)
(2059, 2108)
(2060, 2061)
(2060, 2109)
(2061, 2062)
(2061, 2110)
(2062, 2063)
(2062, 2111)
(2063, 2064)
(2063, 2112)
(2064, 2065)
(2064, 2113)
(2065, 2066)
(2065, 2114)
(2066, 2067)
(2066, 2115)
(2067, 2068)
(2067, 2116)
(2068, 2069)
(2068, 2117)
(2069, 2070)
(2069, 2118)
(2070, 2071)
(2070, 2119)
(2071, 2072)
(2071, 2120)
(2072, 2073)
(2072, 2121)
(2073, 2074)
(2073, 2122)
(2074, 2075)
(2074, 2123)
(2075, 2076)
(2075, 2124)
(2076, 2077)
(2076, 2125)
(2077, 2078)
(2077, 2126)
(2078, 2079)
(2078, 2127)
(2079, 2080)
(2079, 2128)
(2080, 2081)
(2080, 2129)
(2081, 2082)
(2081, 2130)
(2082, 2083)
(2082, 2131)
(2083, 2084)
(2083, 2132)
(2084, 2085)
(2084, 2133)
(2085, 2086)
(2085, 2134)
(2086, 2087)
(2086, 2135)
(2087, 2088)
(2087, 2136)
(2088, 2089)
(2088, 2137)
(2089, 2090)
(2089, 2138)
(2090, 2091)
(2090, 2139)
(2091, 2092)
(2091, 2140)
(2092, 2093)
(2092, 2141)
(2093, 2094)
(2093, 2142)
(2094, 2095)
(2094, 2143)
(2095, 2096)
(2095, 2144)
(2096, 2097)
(2096, 2145)
(2097, 2098)
(2097, 2146)
(2098, 2099)
(2098, 2147)
(2099, 2100)
(2099, 2148)
(2100, 2101)
(2100, 2149)
(2101, 2102)
(2101, 2150)
(2102, 2103)
(2102, 2151)
(2103, 2104)
(2103, 2152)
(2104, 2105)
(2104, 2153)
(2105, 2106)
(2105, 2154)
(2106, 2155)
(2107, 2108)
(2107, 2156)
(2108, 2109)
(2108, 2157)
(2109, 2110)
(2109, 2158)
(2110, 2111)
(2110, 2159)
(2111, 2112)
(2111, 2160)
(2112, 2113)
(2112, 2161)
(2113, 2114)
(2113, 2162)
(2114, 2115)
(2114, 2163)
(2115, 2116)
(2115, 2164)
(2116, 2117)
(2116, 2165)
(2117, 2118)
(2117, 2166)
(2118, 2119)
(2118, 2167)
(2119, 2120)
(2119, 2168)
(2120, 2121)
(2120, 2169)
(2121, 2122)
(2121, 2170)
(2122, 2123)
(2122, 2171)
(2123, 2124)
(2123, 2172)
(2124, 2125)
(2124, 2173)
(2125, 2126)
(2125, 2174)
(2126, 2127)
(2126, 2175)
(2127, 2128)
(2127, 2176)
(2128, 2129)
(2128, 2177)
(2129, 2130)
(2129, 2178)
(2130, 2131)
(2130, 2179)
(2131, 2132)
(2131, 2180)
(2132, 2133)
(2132, 2181)
(2133, 2134)
(2133, 2182)
(2134, 2135)
(2134, 2183)
(2135, 2136)
(2135, 2184)
(2136, 2137)
(2136, 2185)
(2137, 2138)
(2137, 2186)
(2138, 2139)
(2138, 2187)
(2139, 2140)
(2139, 2188)
(2140, 2141)
(2140, 2189)
(2141, 2142)
(2141, 2190)
(2142, 2143)
(2142, 2191)
(2143, 2144)
(2143, 2192)
(2144, 2145)
(2144, 2193)
(2145, 2146)
(2145, 2194)
(2146, 2147)
(2146, 2195)
(2147, 2148)
(2147, 2196)
(2148, 2149)
(2148, 2197)
(2149, 2150)
(2149, 2198)
(2150, 2151)
(2150, 2199)
(2151, 2152)
(2151, 2200)
(2152, 2153)
(2152, 2201)
(2153, 2154)
(2153, 2202)
(2154, 2155)
(2154, 2203)
(2155, 2204)
(2156, 2157)
(2156, 2205)
(2157, 2158)
(2157, 2206)
(2158, 2159)
(2158, 2207)
(2159, 2160)
(2159, 2208)
(2160, 2161)
(2160, 2209)
(2161, 2162)
(2161, 2210)
(2162, 2163)
(2162, 2211)
(2163, 2164)
(2163, 2212)
(2164, 2165)
(2164, 2213)
(2165, 2166)
(2165, 2214)
(2166, 2167)
(2166, 2215)
(2167, 2168)
(2167, 2216)
(2168, 2169)
(2168, 2217)
(2169, 2170)
(2169, 2218)
(2170, 2171)
(2170, 2219)
(2171, 2172)
(2171, 2220)
(2172, 2173)
(2172, 2221)
(2173, 2174)
(2173, 2222)
(2174, 2175)
(2174, 2223)
(2175, 2176)
(2175, 2224)
(2176, 2177)
(2176, 2225)
(2177, 2178)
(2177, 2226)
(2178, 2179)
(2178, 2227)
(2179, 2180)
(2179, 2228)
(2180, 2181)
(2180, 2229)
(2181, 2182)
(2181, 2230)
(2182, 2183)
(2182, 2231)
(2183, 2184)
(2183, 2232)
(2184, 2185)
(2184, 2233)
(2185, 2186)
(2185, 2234)
(2186, 2187)
(2186, 2235)
(2187, 2188)
(2187, 2236)
(2188, 2189)
(2188, 2237)
(2189, 2190)
(2189, 2238)
(2190, 2191)
(2190, 2239)
(2191, 2192)
(2191, 2240)
(2192, 2193)
(2192, 2241)
(2193, 2194)
(2193, 2242)
(2194, 2195)
(2194, 2243)
(2195, 2196)
(2195, 2244)
(2196, 2197)
(2196, 2245)
(2197, 2198)
(2197, 2246)
(2198, 2199)
(2198, 2247)
(2199, 2200)
(2199, 2248)
(2200, 2201)
(2200, 2249)
(2201, 2202)
(2201, 2250)
(2202, 2203)
(2202, 2251)
(2203, 2204)
(2203, 2252)
(2204, 2253)
(2205, 2206)
(2205, 2254)
(2206, 2207)
(2206, 2255)
(2207, 2208)
(2207, 2256)
(2208, 2209)
(2208, 2257)
(2209, 2210)
(2209, 2258)
(2210, 2211)
(2210, 2259)
(2211, 2212)
(2211, 2260)
(2212, 2213)
(2212, 2261)
(2213, 2214)
(2213, 2262)
(2214, 2215)
(2214, 2263)
(2215, 2216)
(2215, 2264)
(2216, 2217)
(2216, 2265)
(2217, 2218)
(2217, 2266)
(2218, 2219)
(2218, 2267)
(2219, 2220)
(2219, 2268)
(2220, 2221)
(2220, 2269)
(2221, 2222)
(2221, 2270)
(2222, 2223)
(2222, 2271)
(2223, 2224)
(2223, 2272)
(2224, 2225)
(2224, 2273)
(2225, 2226)
(2225, 2274)
(2226, 2227)
(2226, 2275)
(2227, 2228)
(2227, 2276)
(2228, 2229)
(2228, 2277)
(2229, 2230)
(2229, 2278)
(2230, 2231)
(2230, 2279)
(2231, 2232)
(2231, 2280)
(2232, 2233)
(2232, 2281)
(2233, 2234)
(2233, 2282)
(2234, 2235)
(2234, 2283)
(2235, 2236)
(2235, 2284)
(2236, 2237)
(2236, 2285)
(2237, 2238)
(2237, 2286)
(2238, 2239)
(2238, 2287)
(2239, 2240)
(2239, 2288)
(2240, 2241)
(2240, 2289)
(2241, 2242)
(2241, 2290)
(2242, 2243)
(2242, 2291)
(2243, 2244)
(2243, 2292)
(2244, 2245)
(2244, 2293)
(2245, 2246)
(2245, 2294)
(2246, 2247)
(2246, 2295)
(2247, 2248)
(2247, 2296)
(2248, 2249)
(2248, 2297)
(2249, 2250)
(2249, 2298)
(2250, 2251)
(2250, 2299)
(2251, 2252)
(2251, 2300)
(2252, 2253)
(2252, 2301)
(2253, 2302)
(2254, 2255)
(2254, 2303)
(2255, 2256)
(2255, 2304)
(2256, 2257)
(2256, 2305)
(2257, 2258)
(2257, 2306)
(2258, 2259)
(2258, 2307)
(2259, 2260)
(2259, 2308)
(2260, 2261)
(2260, 2309)
(2261, 2262)
(2261, 2310)
(2262, 2263)
(2262, 2311)
(2263, 2264)
(2263, 2312)
(2264, 2265)
(2264, 2313)
(2265, 2266)
(2265, 2314)
(2266, 2267)
(2266, 2315)
(2267, 2268)
(2267, 2316)
(2268, 2269)
(2268, 2317)
(2269, 2270)
(2269, 2318)
(2270, 2271)
(2270, 2319)
(2271, 2272)
(2271, 2320)
(2272, 2273)
(2272, 2321)
(2273, 2274)
(2273, 2322)
(2274, 2275)
(2274, 2323)
(2275, 2276)
(2275, 2324)
(2276, 2277)
(2276, 2325)
(2277, 2278)
(2277, 2326)
(2278, 2279)
(2278, 2327)
(2279, 2280)
(2279, 2328)
(2280, 2281)
(2280, 2329)
(2281, 2282)
(2281, 2330)
(2282, 2283)
(2282, 2331)
(2283, 2284)
(2283, 2332)
(2284, 2285)
(2284, 2333)
(2285, 2286)
(2285, 2334)
(2286, 2287)
(2286, 2335)
(2287, 2288)
(2287, 2336)
(2288, 2289)
(2288, 2337)
(2289, 2290)
(2289, 2338)
(2290, 2291)
(2290, 2339)
(2291, 2292)
(2291, 2340)
(2292, 2293)
(2292, 2341)
(2293, 2294)
(2293, 2342)
(2294, 2295)
(2294, 2343)
(2295, 2296)
(2295, 2344)
(2296, 2297)
(2296, 2345)
(2297, 2298)
(2297, 2346)
(2298, 2299)
(2298, 2347)
(2299, 2300)
(2299, 2348)
(2300, 2301)
(2300, 2349)
(2301, 2302)
(2301, 2350)
(2302, 2351)
(2303, 2304)
(2303, 2352)
(2304, 2305)
(2304, 2353)
(2305, 2306)
(2305, 2354)
(2306, 2307)
(2306, 2355)
(2307, 2308)
(2307, 2356)
(2308, 2309)
(2308, 2357)
(2309, 2310)
(2309, 2358)
(2310, 2311)
(2310, 2359)
(2311, 2312)
(2311, 2360)
(2312, 2313)
(2312, 2361)
(2313, 2314)
(2313, 2362)
(2314, 2315)
(2314, 2363)
(2315, 2316)
(2315, 2364)
(2316, 2317)
(2316, 2365)
(2317, 2318)
(2317, 2366)
(2318, 2319)
(2318, 2367)
(2319, 2320)
(2319, 2368)
(2320, 2321)
(2320, 2369)
(2321, 2322)
(2321, 2370)
(2322, 2323)
(2322, 2371)
(2323, 2324)
(2323, 2372)
(2324, 2325)
(2324, 2373)
(2325, 2326)
(2325, 2374)
(2326, 2327)
(2326, 2375)
(2327, 2328)
(2327, 2376)
(2328, 2329)
(2328, 2377)
(2329, 2330)
(2329, 2378)
(2330, 2331)
(2330, 2379)
(2331, 2332)
(2331, 2380)
(2332, 2333)
(2332, 2381)
(2333, 2334)
(2333, 2382)
(2334, 2335)
(2334, 2383)
(2335, 2336)
(2335, 2384)
(2336, 2337)
(2336, 2385)
(2337, 2338)
(2337, 2386)
(2338, 2339)
(2338, 2387)
(2339, 2340)
(2339, 2388)
(2340, 2341)
(2340, 2389)
(2341, 2342)
(2341, 2390)
(2342, 2343)
(2342, 2391)
(2343, 2344)
(2343, 2392)
(2344, 2345)
(2344, 2393)
(2345, 2346)
(2345, 2394)
(2346, 2347)
(2346, 2395)
(2347, 2348)
(2347, 2396)
(2348, 2349)
(2348, 2397)
(2349, 2350)
(2349, 2398)
(2350, 2351)
(2350, 2399)
(2351, 2400)
(2352, 2353)
(2353, 2354)
(2354, 2355)
(2355, 2356)
(2356, 2357)
(2357, 2358)
(2358, 2359)
(2359, 2360)
(2360, 2361)
(2361, 2362)
(2362, 2363)
(2363, 2364)
(2364, 2365)
(2365, 2366)
(2366, 2367)
(2367, 2368)
(2368, 2369)
(2369, 2370)
(2370, 2371)
(2371, 2372)
(2372, 2373)
(2373, 2374)
(2374, 2375)
(2375, 2376)
(2376, 2377)
(2377, 2378)
(2378, 2379)
(2379, 2380)
(2380, 2381)
(2381, 2382)
(2382, 2383)
(2383, 2384)
(2384, 2385)
(2385, 2386)
(2386, 2387)
(2387, 2388)
(2388, 2389)
(2389, 2390)
(2390, 2391)
(2391, 2392)
(2392, 2393)
(2393, 2394)
(2394, 2395)
(2395, 2396)
(2396, 2397)
(2397, 2398)
(2398, 2399)
(2399, 2400)
