2401
(0, 0, 0)
(1, 0, 150)
(2, 0, 300)
(3, 0, 450)
(4, 0, 600)
(5, 0, 750)
(6, 0, 900)
(7, 0, 1050)
(8, 0, 1200)
(9, 0, 1350)
(10, 0, 1500)
(11, 0, 1650)
(12, 0, 1800)
(13, 0, 1950)
(14, 0, 2100)
(15, 0, 2250)
(16, 0, 2400)
(17, 0, 2550)
(18, 0, 2700)
(19, 0, 2850)
(20, 0, 3000)
(21, 0, 3150)
(22, 0, 3300)
(23, 0, 3450)
(24, 0, 3600)
(25, 0, 3750)
(26, 0, 3900)
(27, 0, 4050)
(28, 0, 4200)
(29, 0, 4350)
(30, 0, 4500)
(31, 0, 4650)
(32, 0, 4800)
(33, 0, 4950)
(34, 0, 5100)
(35, 0, 5250)
(36, 0, 5400)
(37, 0, 5550)
(38, 0, 5700)
(39, 0, 5850)
(40, 0, 6000)
(41, 0, 6150)
(42, 0, 6300)
(43, 0, 6450)
(44, 0, 6600)
(45, 0, 6750)
(46, 0, 6900)
(47, 0, 7050)
(48, 0, 7200)
(49, 150, 0)
(50, 150, 150)
(51, 150, 300)
(52, 150, 450)
(53, 150, 600)
(54, 150, 750)
(55, 150, 900)
(56, 150, 1050)
(57, 150, 1200)
(58, 150, 1350)
(59, 150, 1500)
(60, 150, 1650)
(61, 150, 1800)
(62, 150, 1950)
(63, 150, 2100)
(64, 150, 2250)
(65, 150, 2400)
(66, 150, 2550)
(67, 150, 2700)
(68, 150, 2850)
(69, 150, 3000)
(70, 150, 3150)
(71, 150, 3300)
(72, 150, 3450)
(73, 150, 3600)
(74, 150, 3750)
(75, 150, 3900)
(76, 150, 4050)
(77, 150, 4200)
(78, 150, 4350)
(79, 150, 4500)
(80, 150, 4650)
(81, 150, 4800)
(82, 150, 4950)
(83, 150, 5100)
(84, 150, 5250)
(85, 150, 5400)
(86, 150, 5550)
(87, 150, 5700)
(88, 150, 5850)
(89, 150, 6000)
(90, 150, 6150)
(91, 150, 6300)
(92, 150, 6450)
(93, 150, 6600)
(94, 150, 6750)
(95, 150, 6900)
(96, 150, 7050)
(97, 150, 7200)
(98, 300, 0)
(99, 300, 150)
(100, 300, 300)
(101, 300, 450)
(102, 300, 600)
(103, 300, 750)
(104, 300, 900)
(105, 300, 1050)
(106, 300, 1200)
(107, 300, 1350)
(108, 300, 1500)
(109, 300, 1650)
(110, 300, 1800)
(111, 300, 1950)
(112, 300, 2100)
(113, 300, 2250)
(114, 300, 2400)
(115, 300, 2550)
(116, 300, 2700)
(117, 300, 2850)
(118, 300, 3000)
(119, 300, 3150)
(120, 300, 3300)
(121, 300, 3450)
(122, 300, 3600)
(123, 300, 3750)
(124, 300, 3900)
(125, 300, 4050)
(126, 300, 4200)
(127, 300, 4350)
(128, 300, 4500)
(129, 300, 4650)
(130, 300, 4800)
(131, 300, 4950)
(132, 300, 5100)
(133, 300, 5250)
(134, 300, 5400)
(135, 300, 5550)
(136, 300, 5700)
(137, 300, 5850)
(138, 300, 6000)
(139, 300, 6150)
(140, 300, 6300)
(141, 300, 6450)
(142, 300, 6600)
(143, 300, 6750)
(144, 300, 6900)
(145, 300, 7050)
(146, 300, 7200)
(147, 450, 0)
(148, 450, 150)
(149, 450, 300)
(150, 450, 450)
(151, 450, 600)
(152, 450, 750)
(153, 450, 900)
(154, 450, 1050)
(155, 450, 1200)
(156, 450, 1350)
(157, 450, 1500)
(158, 450, 1650)
(159, 450, 1800)
(160, 450, 1950)
(161, 450, 2100)
(162, 450, 2250)
(163, 450, 2400)
(164, 450, 2550)
(165, 450, 2700)
(166, 450, 2850)
(167, 450, 3000)
(168, 450, 3150)
(169, 450, 3300)
(170, 450, 3450)
(171, 450, 3600)
(172, 450, 3750)
(173, 450, 3900)
(174, 450, 4050)
(175, 450, 4200)
(176, 450, 4350)
(177, 450, 4500)
(178, 450, 4650)
(179, 450, 4800)
(180, 450, 4950)
(181, 450, 5100)
(182, 450, 5250)
(183, 450, 5400)
(184, 450, 5550)
(185, 450, 5700)
(186, 450, 5850)
(187, 450, 6000)
(188, 450, 6150)
(189, 450, 6300)
(190, 450, 6450)
(191, 450, 6600)
(192, 450, 6750)
(193, 450, 6900)
(194, 450, 7050)
(195, 450, 7200)
(196, 600, 0)
(197, 600, 150)
(198, 600, 300)
(199, 600, 450)
(200, 600, 600)
(201, 600, 750)
(202, 600, 900)
(203, 600, 1050)
(204, 600, 1200)
(205, 600, 1350)
(206, 600, 1500)
(207, 600, 1650)
(208, 600, 1800)
(209, 600, 1950)
(210, 600, 2100)
(211, 600, 2250)
(212, 600, 2400)
(213, 600, 2550)
(214, 600, 2700)
(215, 600, 2850)
(216, 600, 3000)
(217, 600, 3150)
(218, 600, 3300)
(219, 600, 3450)
(220, 600, 3600)
(221, 600, 3750)
(222, 600, 3900)
(223, 600, 4050)
(224, 600, 4200)
(225, 600, 4350)
(226, 600, 4500)
(227, 600, 4650)
(228, 600, 4800)
(229, 600, 4950)
(230, 600, 5100)
(231, 600, 5250)
(232, 600, 5400)
(233, 600, 5550)
(234, 600, 5700)
(235, 600, 5850)
(236, 600, 6000)
(237, 600, 6150)
(238, 600, 6300)
(239, 600, 6450)
(240, 600, 6600)
(241, 600, 6750)
(242, 600, 6900)
(243, 600, 7050)
(244, 600, 7200)
(245, 750, 0)
(246, 750, 150)
(247, 750, 300)
(248, 750, 450)
(249, 750, 600)
(250, 750, 750)
(251, 750, 900)
(252, 750, 1050)
(253, 750, 1200)
(254, 750, 1350)
(255, 750, 1500)
(256, 750, 1650)
(257, 750, 1800)
(258, 750, 1950)
(259, 750, 2100)
(260, 750, 2250)
(261, 750, 2400)
(262, 750, 2550)
(263, 750, 2700)
(264, 750, 2850)
(265, 750, 3000)
(266, 750, 3150)
(267, 750, 3300)
(268, 750, 3450)
(269, 750, 3600)
(270, 750, 3750)
(271, 750, 3900)
(272, 750, 4050)
(273, 750, 4200)
(274, 750, 4350)
(275, 750, 4500)
(276, 750, 4650)
(277, 750, 4800)
(278, 750, 4950)
(279, 750, 5100)
(280, 750, 5250)
(281, 750, 5400)
(282, 750, 5550)
(283, 750, 5700)
(284, 750, 5850)
(285, 750, 6000)
(286, 750, 6150)
(287, 750, 6300)
(288, 750, 6450)
(289, 750, 6600)
(290, 750, 6750)
(291, 750, 6900)
(292, 750, 7050)
(293, 750, 7200)
(294, 900, 0)
(295, 900, 150)
(296, 900, 300)
(297, 900, 450)
(298, 900, 600)
(299, 900, 750)
(300, 900, 900)
(301, 900, 1050)
(302, 900, 1200)
(303, 900, 1350)
(304, 900, 1500)
(305, 900, 1650)
(306, 900, 1800)
(307, 900, 1950)
(308, 900, 2100)
(309, 900, 2250)
(310, 900, 2400)
(311, 900, 2550)
(312, 900, 2700)
(313, 900, 2850)
(314, 900, 3000)
(315, 900, 3150)
(316, 900, 3300)
(317, 900, 3450)
(318, 900, 3600)
(319, 900, 3750)
(320, 900, 3900)
(321, 900, 4050)
(322, 900, 4200)
(323, 900, 4350)
(324, 900, 4500)
(325, 900, 4650)
(326, 900, 4800)
(327, 900, 4950)
(328, 900, 5100)
(329, 900, 5250)
(330, 900, 5400)
(331, 900, 5550)
(332, 900, 5700)
(333, 900, 5850)
(334, 900, 6000)
(335, 900, 6150)
(336, 900, 6300)
(337, 900, 6450)
(338, 900, 6600)
(339, 900, 6750)
(340, 900, 6900)
(341, 900, 7050)
(342, 900, 7200)
(343, 1050, 0)
(344, 1050, 150)
(345, 1050, 300)
(346, 1050, 450)
(347, 1050, 600)
(348, 1050, 750)
(349, 1050, 900)
(350, 1050, 1050)
(351, 1050, 1200)
(352, 1050, 1350)
(353, 1050, 1500)
(354, 1050, 1650)
(355, 1050, 1800)
(356, 1050, 1950)
(357, 1050, 2100)
(358, 1050, 2250)
(359, 1050, 2400)
(360, 1050, 2550)
(361, 1050, 2700)
(362, 1050, 2850)
(363, 1050, 3000)
(364, 1050, 3150)
(365, 1050, 3300)
(366, 1050, 3450)
(367, 1050, 3600)
(368, 1050, 3750)
(369, 1050, 3900)
(370, 1050, 4050)
(371, 1050, 4200)
(372, 1050, 4350)
(373, 1050, 4500)
(374, 1050, 4650)
(375, 1050, 4800)
(376, 1050, 4950)
(377, 1050, 5100)
(378, 1050, 5250)
(379, 1050, 5400)
(380, 1050, 5550)
(381, 1050, 5700)
(382, 1050, 5850)
(383, 1050, 6000)
(384, 1050, 6150)
(385, 1050, 6300)
(386, 1050, 6450)
(387, 1050, 6600)
(388, 1050, 6750)
(389, 1050, 6900)
(390, 1050, 7050)
(391, 1050, 7200)
(392, 1200, 0)
(393, 1200, 150)
(394, 1200, 300)
(395, 1200, 450)
(396, 1200, 600)
(397, 1200, 750)
(398, 1200, 900)
(399, 1200, 1050)
(400, 1200, 1200)
(401, 1200, 1350)
(402, 1200, 1500)
(403, 1200, 1650)
(404, 1200, 1800)
(405, 1200, 1950)
(406, 1200, 2100)
(407, 1200, 2250)
(408, 1200, 2400)
(409, 1200, 2550)
(410, 1200, 2700)
(411, 1200, 2850)
(412, 1200, 3000)
(413, 1200, 3150)
(414, 1200, 3300)
(415, 1200, 3450)
(416, 1200, 3600)
(417, 1200, 3750)
(418, 1200, 3900)
(419, 1200, 4050)
(420, 1200, 4200)
(421, 1200, 4350)
(422, 1200, 4500)
(423, 1200, 4650)
(424, 1200, 4800)
(425, 1200, 4950)
(426, 1200, 5100)
(427, 1200, 5250)
(428, 1200, 5400)
(429, 1200, 5550)
(430, 1200, 5700)
(431, 1200, 5850)
(432, 1200, 6000)
(433, 1200, 6150)
(434, 1200, 6300)
(435, 1200, 6450)
(436, 1200, 6600)
(437, 1200, 6750)
(438, 1200, 6900)
(439, 1200, 7050)
(440, 1200, 7200)
(441, 1350, 0)
(442, 1350, 150)
(443, 1350, 300)
(444, 1350, 450)
(445, 1350, 600)
(446, 1350, 750)
(447, 1350, 900)
(448, 1350, 1050)
(449, 1350, 1200)
(450, 1350, 1350)
(451, 1350, 1500)
(452, 1350, 1650)
(453, 1350, 1800)
(454, 1350, 1950)
(455, 1350, 2100)
(456, 1350, 2250)
(457, 1350, 2400)
(458, 1350, 2550)
(459, 1350, 2700)
(460, 1350, 2850)
(461, 1350, 3000)
(462, 1350, 3150)
(463, 1350, 3300)
(464, 1350, 3450)
(465, 1350, 3600)
(466, 1350, 3750)
(467, 1350, 3900)
(468, 1350, 4050)
(469, 1350, 4200)
(470, 1350, 4350)
(471, 1350, 4500)
(472, 1350, 4650)
(473, 1350, 4800)
(474, 1350, 4950)
(475, 1350, 5100)
(476, 1350, 5250)
(477, 1350, 5400)
(478, 1350, 5550)
(479, 1350, 5700)
(480, 1350, 5850)
(481, 1350, 6000)
(482, 1350, 6150)
(483, 1350, 6300)
(484, 1350, 6450)
(485, 1350, 6600)
(486, 1350, 6750)
(487, 1350, 6900)
(488, 1350, 7050)
(489, 1350, 7200)
(490, 1500, 0)
(491, 1500, 150)
(492, 1500, 300)
(493, 1500, 450)
(494, 1500, 600)
(495, 1500, 750)
(496, 1500, 900)
(497, 1500, 1050)
(498, 1500, 1200)
(499, 1500, 1350)
(500, 1500, 1500)
(501, 1500, 1650)
(502, 1500, 1800)
(503, 1500, 1950)
(504, 1500, 2100)
(505, 1500, 2250)
(506, 1500, 2400)
(507, 1500, 2550)
(508, 1500, 2700)
(509, 1500, 2850)
(510, 1500, 3000)
(511, 1500, 3150)
(512, 1500, 3300)
(513, 1500, 3450)
(514, 1500, 3600)
(515, 1500, 3750)
(516, 1500, 3900)
(517, 1500, 4050)
(518, 1500, 4200)
(519, 1500, 4350)
(520, 1500, 4500)
(521, 1500, 4650)
(522, 1500, 4800)
(523, 1500, 4950)
(524, 1500, 5100)
(525, 1500, 5250)
(526, 1500, 5400)
(527, 1500, 5550)
(528, 1500, 5700)
(529, 1500, 5850)
(530, 1500, 6000)
(531, 1500, 6150)
(532, 1500, 6300)
(533, 1500, 6450)
(534, 1500, 6600)
(535, 1500, 6750)
(536, 1500, 6900)
(537, 1500, 7050)
(538, 1500, 7200)
(539, 1650, 0)
(540, 1650, 150)
(541, 1650, 300)
(542, 1650, 450)
(543, 1650, 600)
(544, 1650, 750)
(545, 1650, 900)
(546, 1650, 1050)
(547, 1650, 1200)
(548, 1650, 1350)
(549, 1650, 1500)
(550, 1650, 1650)
(551, 1650, 1800)
(552, 1650, 1950)
(553, 1650, 2100)
(554, 1650, 2250)
(555, 1650, 2400)
(556, 1650, 2550)
(557, 1650, 2700)
(558, 1650, 2850)
(559, 1650, 3000)
(560, 1650, 3150)
(561, 1650, 3300)
(562, 1650, 3450)
(563, 1650, 3600)
(564, 1650, 3750)
(565, 1650, 3900)
(566, 1650, 4050)
(567, 1650, 4200)
(568, 1650, 4350)
(569, 1650, 4500)
(570, 1650, 4650)
(571, 1650, 4800)
(572, 1650, 4950)
(573, 1650, 5100)
(574, 1650, 5250)
(575, 1650, 5400)
(576, 1650, 5550)
(577, 1650, 5700)
(578, 1650, 5850)
(579, 1650, 6000)
(580, 1650, 6150)
(581, 1650, 6300)
(582, 1650, 6450)
(583, 1650, 6600)
(584, 1650, 6750)
(585, 1650, 6900)
(586, 1650, 7050)
(587, 1650, 7200)
(588, 1800, 0)
(589, 1800, 150)
(590, 1800, 300)
(591, 1800, 450)
(592, 1800, 600)
(593, 1800, 750)
(594, 1800, 900)
(595, 1800, 1050)
(596, 1800, 1200)
(597, 1800, 1350)
(598, 1800, 1500)
(599, 1800, 1650)
(600, 1800, 1800)
(601, 1800, 1950)
(602, 1800, 2100)
(603, 1800, 2250)
(604, 1800, 2400)
(605, 1800, 2550)
(606, 1800, 2700)
(607, 1800, 2850)
(608, 1800, 3000)
(609, 1800, 3150)
(610, 1800, 3300)
(611, 1800, 3450)
(612, 1800, 3600)
(613, 1800, 3750)
(614, 1800, 3900)
(615, 1800, 4050)
(616, 1800, 4200)
(617, 1800, 4350)
(618, 1800, 4500)
(619, 1800, 4650)
(620, 1800, 4800)
(621, 1800, 4950)
(622, 1800, 5100)
(623, 1800, 5250)
(624, 1800, 5400)
(625, 1800, 5550)
(626, 1800, 5700)
(627, 1800, 5850)
(628, 1800, 6000)
(629, 1800, 6150)
(630, 1800, 6300)
(631, 1800, 6450)
(632, 1800, 6600)
(633, 1800, 6750)
(634, 1800, 6900)
(635, 1800, 7050)
(636, 1800, 7200)
(637, 1950, 0)
(638, 1950, 150)
(639, 1950, 300)
(640, 1950, 450)
(641, 1950, 600)
(642, 1950, 750)
(643, 1950, 900)
(644, 1950, 1050)
(645, 1950, 1200)
(646, 1950, 1350)
(647, 1950, 1500)
(648, 1950, 1650)
(649, 1950, 1800)
(650, 1950, 1950)
(651, 1950, 2100)
(652, 1950, 2250)
(653, 1950, 2400)
(654, 1950, 2550)
(655, 1950, 2700)
(656, 1950, 2850)
(657, 1950, 3000)
(658, 1950, 3150)
(659, 1950, 3300)
(660, 1950, 3450)
(661, 1950, 3600)
(662, 1950, 3750)
(663, 1950, 3900)
(664, 1950, 4050)
(665, 1950, 4200)
(666, 1950, 4350)
(667, 1950, 4500)
(668, 1950, 4650)
(669, 1950, 4800)
(670, 1950, 4950)
(671, 1950, 5100)
(672, 1950, 5250)
(673, 1950, 5400)
(674, 1950, 5550)
(675, 1950, 5700)
(676, 1950, 5850)
(677, 1950, 6000)
(678, 1950, 6150)
(679, 1950, 6300)
(680, 1950, 6450)
(681, 1950, 6600)
(682, 1950, 6750)
(683, 1950, 6900)
(684, 1950, 7050)
(685, 1950, 7200)
(686, 2100, 0)
(687, 2100, 150)
(688, 2100, 300)
(689, 2100, 450)
(690, 2100, 600)
(691, 2100, 750)
(692, 2100, 900)
(693, 2100, 1050)
(694, 2100, 1200)
(695, 2100, 1350)
(696, 2100, 1500)
(697, 2100, 1650)
(698, 2100, 1800)
(699, 2100, 1950)
(700, 2100, 2100)
(701, 2100, 2250)
(702, 2100, 2400)
(703, 2100, 2550)
(704, 2100, 2700)
(705, 2100, 2850)
(706, 2100, 3000)
(707, 2100, 3150)
(708, 2100, 3300)
(709, 2100, 3450)
(710, 2100, 3600)
(711, 2100, 3750)
(712, 2100, 3900)
(713, 2100, 4050)
(714, 2100, 4200)
(715, 2100, 4350)
(716, 2100, 4500)
(717, 2100, 4650)
(718, 2100, 4800)
(719, 2100, 4950)
(720, 2100, 5100)
(721, 2100, 5250)
(722, 2100, 5400)
(723, 2100, 5550)
(724, 2100, 5700)
(725, 2100, 5850)
(726, 2100, 6000)
(727, 2100, 6150)
(728, 2100, 6300)
(729, 2100, 6450)
(730, 2100, 6600)
(731, 2100, 6750)
(732, 2100, 6900)
(733, 2100, 7050)
(734, 2100, 7200)
(735, 2250, 0)
(736, 2250, 150)
(737, 2250, 300)
(738, 2250, 450)
(739, 2250, 600)
(740, 2250, 750)
(741, 2250, 900)
(742, 2250, 1050)
(743, 2250, 1200)
(744, 2250, 1350)
(745, 2250, 1500)
(746, 2250, 1650)
(747, 2250, 1800)
(748, 2250, 1950)
(749, 2250, 2100)
(750, 2250, 2250)
(751, 2250, 2400)
(752, 2250, 2550)
(753, 2250, 2700)
(754, 2250, 2850)
(755, 2250, 3000)
(756, 2250, 3150)
(757, 2250, 3300)
(758, 2250, 3450)
(759, 2250, 3600)
(760, 2250, 3750)
(761, 2250, 3900)
(762, 2250, 4050)
(763, 2250, 4200)
(764, 2250, 4350)
(765, 2250, 4500)
(766, 2250, 4650)
(767, 2250, 4800)
(768, 2250, 4950)
(769, 2250, 5100)
(770, 2250, 5250)
(771, 2250, 5400)
(772, 2250, 5550)
(773, 2250, 5700)
(774, 2250, 5850)
(775, 2250, 6000)
(776, 2250, 6150)
(777, 2250, 6300)
(778, 2250, 6450)
(779, 2250, 6600)
(780, 2250, 6750)
(781, 2250, 6900)
(782, 2250, 7050)
(783, 2250, 7200)
(784, 2400, 0)
(785, 2400, 150)
(786, 2400, 300)
(787, 2400, 450)
(788, 2400, 600)
(789, 2400, 750)
(790, 2400, 900)
(791, 2400, 1050)
(792, 2400, 1200)
(793, 2400, 1350)
(794, 2400, 1500)
(795, 2400, 1650)
(796, 2400, 1800)
(797, 2400, 1950)
(798, 2400, 2100)
(799, 2400, 2250)
(800, 2400, 2400)
(801, 2400, 2550)
(802, 2400, 2700)
(803, 2400, 2850)
(804, 2400, 3000)
(805, 2400, 3150)
(806, 2400, 3300)
(807, 2400, 3450)
(808, 2400, 3600)
(809, 2400, 3750)
(810, 2400, 3900)
(811, 2400, 4050)
(812, 2400, 4200)
(813, 2400, 4350)
(814, 2400, 4500)
(815, 2400, 4650)
(816, 2400, 4800)
(817, 2400, 4950)
(818, 2400, 5100)
(819, 2400, 5250)
(820, 2400, 5400)
(821, 2400, 5550)
(822, 2400, 5700)
(823, 2400, 5850)
(824, 2400, 6000)
(825, 2400, 6150)
(826, 2400, 6300)
(827, 2400, 6450)
(828, 2400, 6600)
(829, 2400, 6750)
(830, 2400, 6900)
(831, 2400, 7050)
(832, 2400, 7200)
(833, 2550, 0)
(834, 2550, 150)
(835, 2550, 300)
(836, 2550, 450)
(837, 2550, 600)
(838, 2550, 750)
(839, 2550, 900)
(840, 2550, 1050)
(841, 2550, 1200)
(842, 2550, 1350)
(843, 2550, 1500)
(844, 2550, 1650)
(845, 2550, 1800)
(846, 2550, 1950)
(847, 2550, 2100)
(848, 2550, 2250)
(849, 2550, 2400)
(850, 2550, 2550)
(851, 2550, 2700)
(852, 2550, 2850)
(853, 2550, 3000)
(854, 2550, 3150)
(855, 2550, 3300)
(856, 2550, 3450)
(857, 2550, 3600)
(858, 2550, 3750)
(859, 2550, 3900)
(860, 2550, 4050)
(861, 2550, 4200)
(862, 2550, 4350)
(863, 2550, 4500)
(864, 2550, 4650)
(865, 2550, 4800)
(866, 2550, 4950)
(867, 2550, 5100)
(868, 2550, 5250)
(869, 2550, 5400)
(870, 2550, 5550)
(871, 2550, 5700)
(872, 2550, 5850)
(873, 2550, 6000)
(874, 2550, 6150)
(875, 2550, 6300)
(876, 2550, 6450)
(877, 2550, 6600)
(878, 2550, 6750)
(879, 2550, 6900)
(880, 2550, 7050)
(881, 2550, 7200)
(882, 2700, 0)
(883, 2700, 150)
(884, 2700, 300)
(885, 2700, 450)
(886, 2700, 600)
(887, 2700, 750)
(888, 2700, 900)
(889, 2700, 1050)
(890, 2700, 1200)
(891, 2700, 1350)
(892, 2700, 1500)
(893, 2700, 1650)
(894, 2700, 1800)
(895, 2700, 1950)
(896, 2700, 2100)
(897, 2700, 2250)
(898, 2700, 2400)
(899, 2700, 2550)
(900, 2700, 2700)
(901, 2700, 2850)
(902, 2700, 3000)
(903, 2700, 3150)
(904, 2700, 3300)
(905, 2700, 3450)
(906, 2700, 3600)
(907, 2700, 3750)
(908, 2700, 3900)
(909, 2700, 4050)
(910, 2700, 4200)
(911, 2700, 4350)
(912, 2700, 4500)
(913, 2700, 4650)
(914, 2700, 4800)
(915, 2700, 4950)
(916, 2700, 5100)
(917, 2700, 5250)
(918, 2700, 5400)
(919, 2700, 5550)
(920, 2700, 5700)
(921, 2700, 5850)
(922, 2700, 6000)
(923, 2700, 6150)
(924, 2700, 6300)
(925, 2700, 6450)
(926, 2700, 6600)
(927, 2700, 6750)
(928, 2700, 6900)
(929, 2700, 7050)
(930, 2700, 7200)
(931, 2850, 0)
(932, 2850, 150)
(933, 2850, 300)
(934, 2850, 450)
(935, 2850, 600)
(936, 2850, 750)
(937, 2850, 900)
(938, 2850, 1050)
(939, 2850, 1200)
(940, 2850, 1350)
(941, 2850, 1500)
(942, 2850, 1650)
(943, 2850, 1800)
(944, 2850, 1950)
(945, 2850, 2100)
(946, 2850, 2250)
(947, 2850, 2400)
(948, 2850, 2550)
(949, 2850, 2700)
(950, 2850, 2850)
(951, 2850, 3000)
(952, 2850, 3150)
(953, 2850, 3300)
(954, 2850, 3450)
(955, 2850, 3600)
(956, 2850, 3750)
(957, 2850, 3900)
(958, 2850, 4050)
(959, 2850, 4200)
(960, 2850, 4350)
(961, 2850, 4500)
(962, 2850, 4650)
(963, 2850, 4800)
(964, 2850, 4950)
(965, 2850, 5100)
(966, 2850, 5250)
(967, 2850, 5400)
(968, 2850, 5550)
(969, 2850, 5700)
(970, 2850, 5850)
(971, 2850, 6000)
(972, 2850, 6150)
(973, 2850, 6300)
(974, 2850, 6450)
(975, 2850, 6600)
(976, 2850, 6750)
(977, 2850, 6900)
(978, 2850, 7050)
(979, 2850, 7200)
(980, 3000, 0)
(981, 3000, 150)
(982, 3000, 300)
(983, 3000, 450)
(984, 3000, 600)
(985, 3000, 750)
(986, 3000, 900)
(987, 3000, 1050)
(988, 3000, 1200)
(989, 3000, 1350)
(990, 3000, 1500)
(991, 3000, 1650)
(992, 3000, 1800)
(993, 3000, 1950)
(994, 3000, 2100)
(995, 3000, 2250)
(996, 3000, 2400)
(997, 3000, 2550)
(998, 3000, 2700)
(999, 3000, 2850)
(1000, 3000, 3000)
(1001, 3000, 3150)
(1002, 3000, 3300)
(1003, 3000, 3450)
(1004, 3000, 3600)
(1005, 3000, 3750)
(1006, 3000, 3900)
(1007, 3000, 4050)
(1008, 3000, 4200)
(1009, 3000, 4350)
(1010, 3000, 4500)
(1011, 3000, 4650)
(1012, 3000, 4800)
(1013, 3000, 4950)
(1014, 3000, 5100)
(1015, 3000, 5250)
(1016, 3000, 5400)
(1017, 3000, 5550)
(1018, 3000, 5700)
(1019, 3000, 5850)
(1020, 3000, 6000)
(1021, 3000, 6150)
(1022, 3000, 6300)
(1023, 3000, 6450)
(1024, 3000, 6600)
(1025, 3000, 6750)
(1026, 3000, 6900)
(1027, 3000, 7050)
(1028, 3000, 7200)
(1029, 3150, 0)
(1030, 3150, 150)
(1031, 3150, 300)
(1032, 3150, 450)
(1033, 3150, 600)
(1034, 3150, 750)
(1035, 3150, 900)
(1036, 3150, 1050)
(1037, 3150, 1200)
(1038, 3150, 1350)
(1039, 3150, 1500)
(1040, 3150, 1650)
(1041, 3150, 1800)
(1042, 3150, 1950)
(1043, 3150, 2100)
(1044, 3150, 2250)
(1045, 3150, 2400)
(1046, 3150, 2550)
(1047, 3150, 2700)
(1048, 3150, 2850)
(1049, 3150, 3000)
(1050, 3150, 3150)
(1051, 3150, 3300)
(1052, 3150, 3450)
(1053, 3150, 3600)
(1054, 3150, 3750)
(1055, 3150, 3900)
(1056, 3150, 4050)
(1057, 3150, 4200)
(1058, 3150, 4350)
(1059, 3150, 4500)
(1060, 3150, 4650)
(1061, 3150, 4800)
(1062, 3150, 4950)
(1063, 3150, 5100)
(1064, 3150, 5250)
(1065, 3150, 5400)
(1066, 3150, 5550)
(1067, 3150, 5700)
(1068, 3150, 5850)
(1069, 3150, 6000)
(1070, 3150, 6150)
(1071, 3150, 6300)
(1072, 3150, 6450)
(1073, 3150, 6600)
(1074, 3150, 6750)
(1075, 3150, 6900)
(1076, 3150, 7050)
(1077, 3150, 7200)
(1078, 3300, 0)
(1079, 3300, 150)
(1080, 3300, 300)
(1081, 3300, 450)
(1082, 3300, 600)
(1083, 3300, 750)
(1084, 3300, 900)
(1085, 3300, 1050)
(1086, 3300, 1200)
(1087, 3300, 1350)
(1088, 3300, 1500)
(1089, 3300, 1650)
(1090, 3300, 1800)
(1091, 3300, 1950)
(1092, 3300, 2100)
(1093, 3300, 2250)
(1094, 3300, 2400)
(1095, 3300, 2550)
(1096, 3300, 2700)
(1097, 3300, 2850)
(1098, 3300, 3000)
(1099, 3300, 3150)
(1100, 3300, 3300)
(1101, 3300, 3450)
(1102, 3300, 3600)
(1103, 3300, 3750)
(1104, 3300, 3900)
(1105, 3300, 4050)
(1106, 3300, 4200)
(1107, 3300, 4350)
(1108, 3300, 4500)
(1109, 3300, 4650)
(1110, 3300, 4800)
(1111, 3300, 4950)
(1112, 3300, 5100)
(1113, 3300, 5250)
(1114, 3300, 5400)
(1115, 3300, 5550)
(1116, 3300, 5700)
(1117, 3300, 5850)
(1118, 3300, 6000)
(1119, 3300, 6150)
(1120, 3300, 6300)
(1121, 3300, 6450)
(1122, 3300, 6600)
(1123, 3300, 6750)
(1124, 3300, 6900)
(1125, 3300, 7050)
(1126, 3300, 7200)
(1127, 3450, 0)
(1128, 3450, 150)
(1129, 3450, 300)
(1130, 3450, 450)
(1131, 3450, 600)
(1132, 3450, 750)
(1133, 3450, 900)
(1134, 3450, 1050)
(1135, 3450, 1200)
(1136, 3450, 1350)
(1137, 3450, 1500)
(1138, 3450, 1650)
(1139, 3450, 1800)
(1140, 3450, 1950)
(1141, 3450, 2100)
(1142, 3450, 2250)
(1143, 3450, 2400)
(1144, 3450, 2550)
(1145, 3450, 2700)
(1146, 3450, 2850)
(1147, 3450, 3000)
(1148, 3450, 3150)
(1149, 3450, 3300)
(1150, 3450, 3450)
(1151, 3450, 3600)
(1152, 3450, 3750)
(1153, 3450, 3900)
(1154, 3450, 4050)
(1155, 3450, 4200)
(1156, 3450, 4350)
(1157, 3450, 4500)
(1158, 3450, 4650)
(1159, 3450, 4800)
(1160, 3450, 4950)
(1161, 3450, 5100)
(1162, 3450, 5250)
(1163, 3450, 5400)
(1164, 3450, 5550)
(1165, 3450, 5700)
(1166, 3450, 5850)
(1167, 3450, 6000)
(1168, 3450, 6150)
(1169, 3450, 6300)
(1170, 3450, 6450)
(1171, 3450, 6600)
(1172, 3450, 6750)
(1173, 3450, 6900)
(1174, 3450, 7050)
(1175, 3450, 7200)
(1176, 3600, 0)
(1177, 3600, 150)
(1178, 3600, 300)
(1179, 3600, 450)
(1180, 3600, 600)
(1181, 3600, 750)
(1182, 3600, 900)
(1183, 3600, 1050)
(1184, 3600, 1200)
(1185, 3600, 1350)
(1186, 3600, 1500)
(1187, 3600, 1650)
(1188, 3600, 1800)
(1189, 3600, 1950)
(1190, 3600, 2100)
(1191, 3600, 2250)
(1192, 3600, 2400)
(1193, 3600, 2550)
(1194, 3600, 2700)
(1195, 3600, 2850)
(1196, 3600, 3000)
(1197, 3600, 3150)
(1198, 3600, 3300)
(1199, 3600, 3450)
(1200, 3600, 3600)
(1201, 3600, 3750)
(1202, 3600, 3900)
(1203, 3600, 4050)
(1204, 3600, 4200)
(1205, 3600, 4350)
(1206, 3600, 4500)
(1207, 3600, 4650)
(1208, 3600, 4800)
(1209, 3600, 4950)
(1210, 3600, 5100)
(1211, 3600, 5250)
(1212, 3600, 5400)
(1213, 3600, 5550)
(1214, 3600, 5700)
(1215, 3600, 5850)
(1216, 3600, 6000)
(1217, 3600, 6150)
(1218, 3600, 6300)
(1219, 3600, 6450)
(1220, 3600, 6600)
(1221, 3600, 6750)
(1222, 3600, 6900)
(1223, 3600, 7050)
(1224, 3600, 7200)
(1225, 3750, 0)
(1226, 3750, 150)
(1227, 3750, 300)
(1228, 3750, 450)
(1229, 3750, 600)
(1230, 3750, 750)
(1231, 3750, 900)
(1232, 3750, 1050)
(1233, 3750, 1200)
(1234, 3750, 1350)
(1235, 3750, 1500)
(1236, 3750, 1650)
(1237, 3750, 1800)
(1238, 3750, 1950)
(1239, 3750, 2100)
(1240, 3750, 2250)
(1241, 3750, 2400)
(1242, 3750, 2550)
(1243, 3750, 2700)
(1244, 3750, 2850)
(1245, 3750, 3000)
(1246, 3750, 3150)
(1247, 3750, 3300)
(1248, 3750, 3450)
(1249, 3750, 3600)
(1250, 3750, 3750)
(1251, 3750, 3900)
(1252, 3750, 4050)
(1253, 3750, 4200)
(1254, 3750, 4350)
(1255, 3750, 4500)
(1256, 3750, 4650)
(1257, 3750, 4800)
(1258, 3750, 4950)
(1259, 3750, 5100)
(1260, 3750, 5250)
(1261, 3750, 5400)
(1262, 3750, 5550)
(1263, 3750, 5700)
(1264, 3750, 5850)
(1265, 3750, 6000)
(1266, 3750, 6150)
(1267, 3750, 6300)
(1268, 3750, 6450)
(1269, 3750, 6600)
(1270, 3750, 6750)
(1271, 3750, 6900)
(1272, 3750, 7050)
(1273, 3750, 7200)
(1274, 3900, 0)
(1275, 3900, 150)
(1276, 3900, 300)
(1277, 3900, 450)
(1278, 3900, 600)
(1279, 3900, 750)
(1280, 3900, 900)
(1281, 3900, 1050)
(1282, 3900, 1200)
(1283, 3900, 1350)
(1284, 3900, 1500)
(1285, 3900, 1650)
(1286, 3900, 1800)
(1287, 3900, 1950)
(1288, 3900, 2100)
(1289, 3900, 2250)
(1290, 3900, 2400)
(1291, 3900, 2550)
(1292, 3900, 2700)
(1293, 3900, 2850)
(1294, 3900, 3000)
(1295, 3900, 3150)
(1296, 3900, 3300)
(1297, 3900, 3450)
(1298, 3900, 3600)
(1299, 3900, 3750)
(1300, 3900, 3900)
(1301, 3900, 4050)
(1302, 3900, 4200)
(1303, 3900, 4350)
(1304, 3900, 4500)
(1305, 3900, 4650)
(1306, 3900, 4800)
(1307, 3900, 4950)
(1308, 3900, 5100)
(1309, 3900, 5250)
(1310, 3900, 5400)
(1311, 3900, 5550)
(1312, 3900, 5700)
(1313, 3900, 5850)
(1314, 3900, 6000)
(1315, 3900, 6150)
(1316, 3900, 6300)
(1317, 3900, 6450)
(1318, 3900, 6600)
(1319, 3900, 6750)
(1320, 3900, 6900)
(1321, 3900, 7050)
(1322, 3900, 7200)
(1323, 4050, 0)
(1324, 4050, 150)
(1325, 4050, 300)
(1326, 4050, 450)
(1327, 4050, 600)
(1328, 4050, 750)
(1329, 4050, 900)
(1330, 4050, 1050)
(1331, 4050, 1200)
(1332, 4050, 1350)
(1333, 4050, 1500)
(1334, 4050, 1650)
(1335, 4050, 1800)
(1336, 4050, 1950)
(1337, 4050, 2100)
(1338, 4050, 2250)
(1339, 4050, 2400)
(1340, 4050, 2550)
(1341, 4050, 2700)
(1342, 4050, 2850)
(1343, 4050, 3000)
(1344, 4050, 3150)
(1345, 4050, 3300)
(1346, 4050, 3450)
(1347, 4050, 3600)
(1348, 4050, 3750)
(1349, 4050, 3900)
(1350, 4050, 4050)
(1351, 4050, 4200)
(1352, 4050, 4350)
(1353, 4050, 4500)
(1354, 4050, 4650)
(1355, 4050, 4800)
(1356, 4050, 4950)
(1357, 4050, 5100)
(1358, 4050, 5250)
(1359, 4050, 5400)
(1360, 4050, 5550)
(1361, 4050, 5700)
(1362, 4050, 5850)
(1363, 4050, 6000)
(1364, 4050, 6150)
(1365, 4050, 6300)
(1366, 4050, 6450)
(1367, 4050, 6600)
(1368, 4050, 6750)
(1369, 4050, 6900)
(1370, 4050, 7050)
(1371, 4050, 7200)
(1372, 4200, 0)
(1373, 4200, 150)
(1374, 4200, 300)
(1375, 4200, 450)
(1376, 4200, 600)
(1377, 4200, 750)
(1378, 4200, 900)
(1379, 4200, 1050)
(1380, 4200, 1200)
(1381, 4200, 1350)
(1382, 4200, 1500)
(1383, 4200, 1650)
(1384, 4200, 1800)
(1385, 4200, 1950)
(1386, 4200, 2100)
(1387, 4200, 2250)
(1388, 4200, 2400)
(1389, 4200, 2550)
(1390, 4200, 2700)
(1391, 4200, 2850)
(1392, 4200, 3000)
(1393, 4200, 3150)
(1394, 4200, 3300)
(1395, 4200, 3450)
(1396, 4200, 3600)
(1397, 4200, 3750)
(1398, 4200, 3900)
(1399, 4200, 4050)
(1400, 4200, 4200)
(1401, 4200, 4350)
(1402, 4200, 4500)
(1403, 4200, 4650)
(1404, 4200, 4800)
(1405, 4200, 4950)
(1406, 4200, 5100)
(1407, 4200, 5250)
(1408, 4200, 5400)
(1409, 4200, 5550)
(1410, 4200, 5700)
(1411, 4200, 5850)
(1412, 4200, 6000)
(1413, 4200, 6150)
(1414, 4200, 6300)
(1415, 4200, 6450)
(1416, 4200, 6600)
(1417, 4200, 6750)
(1418, 4200, 6900)
(1419, 4200, 7050)
(1420, 4200, 7200)
(1421, 4350, 0)
(1422, 4350, 150)
(1423, 4350, 300)
(1424, 4350, 450)
(1425, 4350, 600)
(1426, 4350, 750)
(1427, 4350, 900)
(1428, 4350, 1050)
(1429, 4350, 1200)
(1430, 4350, 1350)
(1431, 4350, 1500)
(1432, 4350, 1650)
(1433, 4350, 1800)
(1434, 4350, 1950)
(1435, 4350, 2100)
(1436, 4350, 2250)
(1437, 4350, 2400)
(1438, 4350, 2550)
(1439, 4350, 2700)
(1440, 4350, 2850)
(1441, 4350, 3000)
(1442, 4350, 3150)
(1443, 4350, 3300)
(1444, 4350, 3450)
(1445, 4350, 3600)
(1446, 4350, 3750)
(1447, 4350, 3900)
(1448, 4350, 4050)
(1449, 4350, 4200)
(1450, 4350, 4350)
(1451, 4350, 4500)
(1452, 4350, 4650)
(1453, 4350, 4800)
(1454, 4350, 4950)
(1455, 4350, 5100)
(1456, 4350, 5250)
(1457, 4350, 5400)
(1458, 4350, 5550)
(1459, 4350, 5700)
(1460, 4350, 5850)
(1461, 4350, 6000)
(1462, 4350, 6150)
(1463, 4350, 6300)
(1464, 4350, 6450)
(1465, 4350, 6600)
(1466, 4350, 6750)
(1467, 4350, 6900)
(1468, 4350, 7050)
(1469, 4350, 7200)
(1470, 4500, 0)
(1471, 4500, 150)
(1472, 4500, 300)
(1473, 4500, 450)
(1474, 4500, 600)
(1475, 4500, 750)
(1476, 4500, 900)
(1477, 4500, 1050)
(1478, 4500, 1200)
(1479, 4500, 1350)
(1480, 4500, 1500)
(1481, 4500, 1650)
(1482, 4500, 1800)
(1483, 4500, 1950)
(1484, 4500, 2100)
(1485, 4500, 2250)
(1486, 4500, 2400)
(1487, 4500, 2550)
(1488, 4500, 2700)
(1489, 4500, 2850)
(1490, 4500, 3000)
(1491, 4500, 3150)
(1492, 4500, 3300)
(1493, 4500, 3450)
(1494, 4500, 3600)
(1495, 4500, 3750)
(1496, 4500, 3900)
(1497, 4500, 4050)
(1498, 4500, 4200)
(1499, 4500, 4350)
(1500, 4500, 4500)
(1501, 4500, 4650)
(1502, 4500, 4800)
(1503, 4500, 4950)
(1504, 4500, 5100)
(1505, 4500, 5250)
(1506, 4500, 5400)
(1507, 4500, 5550)
(1508, 4500, 5700)
(1509, 4500, 5850)
(1510, 4500, 6000)
(1511, 4500, 6150)
(1512, 4500, 6300)
(1513, 4500, 6450)
(1514, 4500, 6600)
(1515, 4500, 6750)
(1516, 4500, 6900)
(1517, 4500, 7050)
(1518, 4500, 7200)
(1519, 4650, 0)
(1520, 4650, 150)
(1521, 4650, 300)
(1522, 4650, 450)
(1523, 4650, 600)
(1524, 4650, 750)
(1525, 4650, 900)
(1526, 4650, 1050)
(1527, 4650, 1200)
(1528, 4650, 1350)
(1529, 4650, 1500)
(1530, 4650, 1650)
(1531, 4650, 1800)
(1532, 4650, 1950)
(1533, 4650, 2100)
(1534, 4650, 2250)
(1535, 4650, 2400)
(1536, 4650, 2550)
(1537, 4650, 2700)
(1538, 4650, 2850)
(1539, 4650, 3000)
(1540, 4650, 3150)
(1541, 4650, 3300)
(1542, 4650, 3450)
(1543, 4650, 3600)
(1544, 4650, 3750)
(1545, 4650, 3900)
(1546, 4650, 4050)
(1547, 4650, 4200)
(1548, 4650, 4350)
(1549, 4650, 4500)
(1550, 4650, 4650)
(1551, 4650, 4800)
(1552, 4650, 4950)
(1553, 4650, 5100)
(1554, 4650, 5250)
(1555, 4650, 5400)
(1556, 4650, 5550)
(1557, 4650, 5700)
(1558, 4650, 5850)
(1559, 4650, 6000)
(1560, 4650, 6150)
(1561, 4650, 6300)
(1562, 4650, 6450)
(1563, 4650, 6600)
(1564, 4650, 6750)
(1565, 4650, 6900)
(1566, 4650, 7050)
(1567, 4650, 7200)
(1568, 4800, 0)
(1569, 4800, 150)
(1570, 4800, 300)
(1571, 4800, 450)
(1572, 4800, 600)
(1573, 4800, 750)
(1574, 4800, 900)
(1575, 4800, 1050)
(1576, 4800, 1200)
(1577, 4800, 1350)
(1578, 4800, 1500)
(1579, 4800, 1650)
(1580, 4800, 1800)
(1581, 4800, 1950)
(1582, 4800, 2100)
(1583, 4800, 2250)
(1584, 4800, 2400)
(1585, 4800, 2550)
(1586, 4800, 2700)
(1587, 4800, 2850)
(1588, 4800, 3000)
(1589, 4800, 3150)
(1590, 4800, 3300)
(1591, 4800, 3450)
(1592, 4800, 3600)
(1593, 4800, 3750)
(1594, 4800, 3900)
(1595, 4800, 4050)
(1596, 4800, 4200)
(1597, 4800, 4350)
(1598, 4800, 4500)
(1599, 4800, 4650)
(1600, 4800, 4800)
(1601, 4800, 4950)
(1602, 4800, 5100)
(1603, 4800, 5250)
(1604, 4800, 5400)
(1605, 4800, 5550)
(1606, 4800, 5700)
(1607, 4800, 5850)
(1608, 4800, 6000)
(1609, 4800, 6150)
(1610, 4800, 6300)
(1611, 4800, 6450)
(1612, 4800, 6600)
(1613, 4800, 6750)
(1614, 4800, 6900)
(1615, 4800, 7050)
(1616, 4800, 7200)
(1617, 4950, 0)
(1618, 4950, 150)
(1619, 4950, 300)
(1620, 4950, 450)
(1621, 4950, 600)
(1622, 4950, 750)
(1623, 4950, 900)
(1624, 4950, 1050)
(1625, 4950, 1200)
(1626, 4950, 1350)
(1627, 4950, 1500)
(1628, 4950, 1650)
(1629, 4950, 1800)
(1630, 4950, 1950)
(1631, 4950, 2100)
(1632, 4950, 2250)
(1633, 4950, 2400)
(1634, 4950, 2550)
(1635, 4950, 2700)
(1636, 4950, 2850)
(1637, 4950, 3000)
(1638, 4950, 3150)
(1639, 4950, 3300)
(1640, 4950, 3450)
(1641, 4950, 3600)
(1642, 4950, 3750)
(1643, 4950, 3900)
(1644, 4950, 4050)
(1645, 4950, 4200)
(1646, 4950, 4350)
(1647, 4950, 4500)
(1648, 4950, 4650)
(1649, 4950, 4800)
(1650, 4950, 4950)
(1651, 4950, 5100)
(1652, 4950, 5250)
(1653, 4950, 5400)
(1654, 4950, 5550)
(1655, 4950, 5700)
(1656, 4950, 5850)
(1657, 4950, 6000)
(1658, 4950, 6150)
(1659, 4950, 6300)
(1660, 4950, 6450)
(1661, 4950, 6600)
(1662, 4950, 6750)
(1663, 4950, 6900)
(1664, 4950, 7050)
(1665, 4950, 7200)
(1666, 5100, 0)
(1667, 5100, 150)
(1668, 5100, 300)
(1669, 5100, 450)
(1670, 5100, 600)
(1671, 5100, 750)
(1672, 5100, 900)
(1673, 5100, 1050)
(1674, 5100, 1200)
(1675, 5100, 1350)
(1676, 5100, 1500)
(1677, 5100, 1650)
(1678, 5100, 1800)
(1679, 5100, 1950)
(1680, 5100, 2100)
(1681, 5100, 2250)
(1682, 5100, 2400)
(1683, 5100, 2550)
(1684, 5100, 2700)
(1685, 5100, 2850)
(1686, 5100, 3000)
(1687, 5100, 3150)
(1688, 5100, 3300)
(1689, 5100, 3450)
(1690, 5100, 3600)
(1691, 5100, 3750)
(1692, 5100, 3900)
(1693, 5100, 4050)
(1694, 5100, 4200)
(1695, 5100, 4350)
(1696, 5100, 4500)
(1697, 5100, 4650)
(1698, 5100, 4800)
(1699, 5100, 4950)
(1700, 5100, 5100)
(1701, 5100, 5250)
(1702, 5100, 5400)
(1703, 5100, 5550)
(1704, 5100, 5700)
(1705, 5100, 5850)
(1706, 5100, 6000)
(1707, 5100, 6150)
(1708, 5100, 6300)
(1709, 5100, 6450)
(1710, 5100, 6600)
(1711, 5100, 6750)
(1712, 5100, 6900)
(1713, 5100, 7050)
(1714, 5100, 7200)
(1715, 5250, 0)
(1716, 5250, 150)
(1717, 5250, 300)
(1718, 5250, 450)
(1719, 5250, 600)
(1720, 5250, 750)
(1721, 5250, 900)
(1722, 5250, 1050)
(1723, 5250, 1200)
(1724, 5250, 1350)
(1725, 5250, 1500)
(1726, 5250, 1650)
(1727, 5250, 1800)
(1728, 5250, 1950)
(1729, 5250, 2100)
(1730, 5250, 2250)
(1731, 5250, 2400)
(1732, 5250, 2550)
(1733, 5250, 2700)
(1734, 5250, 2850)
(1735, 5250, 3000)
(1736, 5250, 3150)
(1737, 5250, 3300)
(1738, 5250, 3450)
(1739, 5250, 3600)
(1740, 5250, 3750)
(1741, 5250, 3900)
(1742, 5250, 4050)
(1743, 5250, 4200)
(1744, 5250, 4350)
(1745, 5250, 4500)
(1746, 5250, 4650)
(1747, 5250, 4800)
(1748, 5250, 4950)
(1749, 5250, 5100)
(1750, 5250, 5250)
(1751, 5250, 5400)
(1752, 5250, 5550)
(1753, 5250, 5700)
(1754, 5250, 5850)
(1755, 5250, 6000)
(1756, 5250, 6150)
(1757, 5250, 6300)
(1758, 5250, 6450)
(1759, 5250, 6600)
(1760, 5250, 6750)
(1761, 5250, 6900)
(1762, 5250, 7050)
(1763, 5250, 7200)
(1764, 5400, 0)
(1765, 5400, 150)
(1766, 5400, 300)
(1767, 5400, 450)
(1768, 5400, 600)
(1769, 5400, 750)
(1770, 5400, 900)
(1771, 5400, 1050)
(1772, 5400, 1200)
(1773, 5400, 1350)
(1774, 5400, 1500)
(1775, 5400, 1650)
(1776, 5400, 1800)
(1777, 5400, 1950)
(1778, 5400, 2100)
(1779, 5400, 2250)
(1780, 5400, 2400)
(1781, 5400, 2550)
(1782, 5400, 2700)
(1783, 5400, 2850)
(1784, 5400, 3000)
(1785, 5400, 3150)
(1786, 5400, 3300)
(1787, 5400, 3450)
(1788, 5400, 3600)
(1789, 5400, 3750)
(1790, 5400, 3900)
(1791, 5400, 4050)
(1792, 5400, 4200)
(1793, 5400, 4350)
(1794, 5400, 4500)
(1795, 5400, 4650)
(1796, 5400, 4800)
(1797, 5400, 4950)
(1798, 5400, 5100)
(1799, 5400, 5250)
(1800, 5400, 5400)
(1801, 5400, 5550)
(1802, 5400, 5700)
(1803, 5400, 5850)
(1804, 5400, 6000)
(1805, 5400, 6150)
(1806, 5400, 6300)
(1807, 5400, 6450)
(1808, 5400, 6600)
(1809, 5400, 6750)
(1810, 5400, 6900)
(1811, 5400, 7050)
(1812, 5400, 7200)
(1813, 5550, 0)
(1814, 5550, 150)
(1815, 5550, 300)
(1816, 5550, 450)
(1817, 5550, 600)
(1818, 5550, 750)
(1819, 5550, 900)
(1820, 5550, 1050)
(1821, 5550, 1200)
(1822, 5550, 1350)
(1823, 5550, 1500)
(1824, 5550, 1650)
(1825, 5550, 1800)
(1826, 5550, 1950)
(1827, 5550, 2100)
(1828, 5550, 2250)
(1829, 5550, 2400)
(1830, 5550, 2550)
(1831, 5550, 2700)
(1832, 5550, 2850)
(1833, 5550, 3000)
(1834, 5550, 3150)
(1835, 5550, 3300)
(1836, 5550, 3450)
(1837, 5550, 3600)
(1838, 5550, 3750)
(1839, 5550, 3900)
(1840, 5550, 4050)
(1841, 5550, 4200)
(1842, 5550, 4350)
(1843, 5550, 4500)
(1844, 5550, 4650)
(1845, 5550, 4800)
(1846, 5550, 4950)
(1847, 5550, 5100)
(1848, 5550, 5250)
(1849, 5550, 5400)
(1850, 5550, 5550)
(1851, 5550, 5700)
(1852, 5550, 5850)
(1853, 5550, 6000)
(1854, 5550, 6150)
(1855, 5550, 6300)
(1856, 5550, 6450)
(1857, 5550, 6600)
(1858, 5550, 6750)
(1859, 5550, 6900)
(1860, 5550, 7050)
(1861, 5550, 7200)
(1862, 5700, 0)
(1863, 5700, 150)
(1864, 5700, 300)
(1865, 5700, 450)
(1866, 5700, 600)
(1867, 5700, 750)
(1868, 5700, 900)
(1869, 5700, 1050)
(1870, 5700, 1200)
(1871, 5700, 1350)
(1872, 5700, 1500)
(1873, 5700, 1650)
(1874, 5700, 1800)
(1875, 5700, 1950)
(1876, 5700, 2100)
(1877, 5700, 2250)
(1878, 5700, 2400)
(1879, 5700, 2550)
(1880, 5700, 2700)
(1881, 5700, 2850)
(1882, 5700, 3000)
(1883, 5700, 3150)
(1884, 5700, 3300)
(1885, 5700, 3450)
(1886, 5700, 3600)
(1887, 5700, 3750)
(1888, 5700, 3900)
(1889, 5700, 4050)
(1890, 5700, 4200)
(1891, 5700, 4350)
(1892, 5700, 4500)
(1893, 5700, 4650)
(1894, 5700, 4800)
(1895, 5700, 4950)
(1896, 5700, 5100)
(1897, 5700, 5250)
(1898, 5700, 5400)
(1899, 5700, 5550)
(1900, 5700, 5700)
(1901, 5700, 5850)
(1902, 5700, 6000)
(1903, 5700, 6150)
(1904, 5700, 6300)
(1905, 5700, 6450)
(1906, 5700, 6600)
(1907, 5700, 6750)
(1908, 5700, 6900)
(1909, 5700, 7050)
(1910, 5700, 7200)
(1911, 5850, 0)
(1912, 5850, 150)
(1913, 5850, 300)
(1914, 5850, 450)
(1915, 5850, 600)
(1916, 5850, 750)
(1917, 5850, 900)
(1918, 5850, 1050)
(1919, 5850, 1200)
(1920, 5850, 1350)
(1921, 5850, 1500)
(1922, 5850, 1650)
(1923, 5850, 1800)
(1924, 5850, 1950)
(1925, 5850, 2100)
(1926, 5850, 2250)
(1927, 5850, 2400)
(1928, 5850, 2550)
(1929, 5850, 2700)
(1930, 5850, 2850)
(1931, 5850, 3000)
(1932, 5850, 3150)
(1933, 5850, 3300)
(1934, 5850, 3450)
(1935, 5850, 3600)
(1936, 5850, 3750)
(1937, 5850, 3900)
(1938, 5850, 4050)
(1939, 5850, 4200)
(1940, 5850, 4350)
(1941, 5850, 4500)
(1942, 5850, 4650)
(1943, 5850, 4800)
(1944, 5850, 4950)
(1945, 5850, 5100)
(1946, 5850, 5250)
(1947, 5850, 5400)
(1948, 5850, 5550)
(1949, 5850, 5700)
(1950, 5850, 5850)
(1951, 5850, 6000)
(1952, 5850, 6150)
(1953, 5850, 6300)
(1954, 5850, 6450)
(1955, 5850, 6600)
(1956, 5850, 6750)
(1957, 5850, 6900)
(1958, 5850, 7050)
(1959, 5850, 7200)
(1960, 6000, 0)
(1961, 6000, 150)
(1962, 6000, 300)
(1963, 6000, 450)
(1964, 6000, 600)
(1965, 6000, 750)
(1966, 6000, 900)
(1967, 6000, 1050)
(1968, 6000, 1200)
(1969, 6000, 1350)
(1970, 6000, 1500)
(1971, 6000, 1650)
(1972, 6000, 1800)
(1973, 6000, 1950)
(1974, 6000, 2100)
(1975, 6000, 2250)
(1976, 6000, 2400)
(1977, 6000, 2550)
(1978, 6000, 2700)
(1979, 6000, 2850)
(1980, 6000, 3000)
(1981, 6000, 3150)
(1982, 6000, 3300)
(1983, 6000, 3450)
(1984, 6000, 3600)
(1985, 6000, 3750)
(1986, 6000, 3900)
(1987, 6000, 4050)
(1988, 6000, 4200)
(1989, 6000, 4350)
(1990, 6000, 4500)
(1991, 6000, 4650)
(1992, 6000, 4800)
(1993, 6000, 4950)
(1994, 6000, 5100)
(1995, 6000, 5250)
(1996, 6000, 5400)
(1997, 6000, 5550)
(1998, 6000, 5700)
(1999, 6000, 5850)
(2000, 6000, 6000)
(2001, 6000, 6150)
(2002, 6000, 6300)
(2003, 6000, 6450)
(2004, 6000, 6600)
(2005, 6000, 6750)
(2006, 6000, 6900)
(2007, 6000, 7050)
(2008, 6000, 7200)
(2009, 6150, 0)
(2010, 6150, 150)
(2011, 6150, 300)
(2012, 6150, 450)
(2013, 6150, 600)
(2014, 6150, 750)
(2015, 6150, 900)
(2016, 6150, 1050)
(2017, 6150, 1200)
(2018, 6150, 1350)
(2019, 6150, 1500)
(2020, 6150, 1650)
(2021, 6150, 1800)
(2022, 6150, 1950)
(2023, 6150, 2100)
(2024, 6150, 2250)
(2025, 6150, 2400)
(2026, 6150, 2550)
(2027, 6150, 2700)
(2028, 6150, 2850)
(2029, 6150, 3000)
(2030, 6150, 3150)
(2031, 6150, 3300)
(2032, 6150, 3450)
(2033, 6150, 3600)
(2034, 6150, 3750)
(2035, 6150, 3900)
(2036, 6150, 4050)
(2037, 6150, 4200)
(2038, 6150, 4350)
(2039, 6150, 4500)
(2040, 6150, 4650)
(2041, 6150, 4800)
(2042, 6150, 4950)
(2043, 6150, 5100)
(2044, 6150, 5250)
(2045, 6150, 5400)
(2046, 6150, 5550)
(2047, 6150, 5700)
(2048, 6150, 5850)
(2049, 6150, 6000)
(2050, 6150, 6150)
(2051, 6150, 6300)
(2052, 6150, 6450)
(2053, 6150, 6600)
(2054, 6150, 6750)
(2055, 6150, 6900)
(2056, 6150, 7050)
(2057, 6150, 7200)
(2058, 6300, 0)
(2059, 6300, 150)
(2060, 6300, 300)
(2061, 6300, 450)
(2062, 6300, 600)
(2063, 6300, 750)
(2064, 6300, 900)
(2065, 6300, 1050)
(2066, 6300, 1200)
(2067, 6300, 1350)
(2068, 6300, 1500)
(2069, 6300, 1650)
(2070, 6300, 1800)
(2071, 6300, 1950)
(2072, 6300, 2100)
(2073, 6300, 2250)
(2074, 6300, 2400)
(2075, 6300, 2550)
(2076, 6300, 2700)
(2077, 6300, 2850)
(2078, 6300, 3000)
(2079, 6300, 3150)
(2080, 6300, 3300)
(2081, 6300, 3450)
(2082, 6300, 3600)
(2083, 6300, 3750)
(2084, 6300, 3900)
(2085, 6300, 4050)
(2086, 6300, 4200)
(2087, 6300, 4350)
(2088, 6300, 4500)
(2089, 6300, 4650)
(2090, 6300, 4800)
(2091, 6300, 4950)
(2092, 6300, 5100)
(2093, 6300, 5250)
(2094, 6300, 5400)
(2095, 6300, 5550)
(2096, 6300, 5700)
(2097, 6300, 5850)
(2098, 6300, 6000)
(2099, 6300, 6150)
(2100, 6300, 6300)
(2101, 6300, 6450)
(2102, 6300, 6600)
(2103, 6300, 6750)
(2104, 6300, 6900)
(2105, 6300, 7050)
(2106, 6300, 7200)
(2107, 6450, 0)
(2108, 6450, 150)
(2109, 6450, 300)
(2110, 6450, 450)
(2111, 6450, 600)
(2112, 6450, 750)
(2113, 6450, 900)
(2114, 6450, 1050)
(2115, 6450, 1200)
(2116, 6450, 1350)
(2117, 6450, 1500)
(2118, 6450, 1650)
(2119, 6450, 1800)
(2120, 6450, 1950)
(2121, 6450, 2100)
(2122, 6450, 2250)
(2123, 6450, 2400)
(2124, 6450, 2550)
(2125, 6450, 2700)
(2126, 6450, 2850)
(2127, 6450, 3000)
(2128, 6450, 3150)
(2129, 6450, 3300)
(2130, 6450, 3450)
(2131, 6450, 3600)
(2132, 6450, 3750)
(2133, 6450, 3900)
(2134, 6450, 4050)
(2135, 6450, 4200)
(2136, 6450, 4350)
(2137, 6450, 4500)
(2138, 6450, 4650)
(2139, 6450, 4800)
(2140, 6450, 4950)
(2141, 6450, 5100)
(2142, 6450, 5250)
(2143, 6450, 5400)
(2144, 6450, 5550)
(2145, 6450, 5700)
(2146, 6450, 5850)
(2147, 6450, 6000)
(2148, 6450, 6150)
(2149, 6450, 6300)
(2150, 6450, 6450)
(2151, 6450, 6600)
(2152, 6450, 6750)
(2153, 6450, 6900)
(2154, 6450, 7050)
(2155, 6450, 7200)
(2156, 6600, 0)
(2157, 6600, 150)
(2158, 6600, 300)
(2159, 6600, 450)
(2160, 6600, 600)
(2161, 6600, 750)
(2162, 6600, 900)
(2163, 6600, 1050)
(2164, 6600, 1200)
(2165, 6600, 1350)
(2166, 6600, 1500)
(2167, 6600, 1650)
(2168, 6600, 1800)
(2169, 6600, 1950)
(2170, 6600, 2100)
(2171, 6600, 2250)
(2172, 6600, 2400)
(2173, 6600, 2550)
(2174, 6600, 2700)
(2175, 6600, 2850)
(2176, 6600, 3000)
(2177, 6600, 3150)
(2178, 6600, 3300)
(2179, 6600, 3450)
(2180, 6600, 3600)
(2181, 6600, 3750)
(2182, 6600, 3900)
(2183, 6600, 4050)
(2184, 6600, 4200)
(2185, 6600, 4350)
(2186, 6600, 4500)
(2187, 6600, 4650)
(2188, 6600, 4800)
(2189, 6600, 4950)
(2190, 6600, 5100)
(2191, 6600, 5250)
(2192, 6600, 5400)
(2193, 6600, 5550)
(2194, 6600, 5700)
(2195, 6600, 5850)
(2196, 6600, 6000)
(2197, 6600, 6150)
(2198, 6600, 6300)
(2199, 6600, 6450)
(2200, 6600, 6600)
(2201, 6600, 6750)
(2202, 6600, 6900)
(2203, 6600, 7050)
(2204, 6600, 7200)
(2205, 6750, 0)
(2206, 6750, 150)
(2207, 6750, 300)
(2208, 6750, 450)
(2209, 6750, 600)
(2210, 6750, 750)
(2211, 6750, 900)
(2212, 6750, 1050)
(2213, 6750, 1200)
(2214, 6750, 1350)
(2215, 6750, 1500)
(2216, 6750, 1650)
(2217, 6750, 1800)
(2218, 6750, 1950)
(2219, 6750, 2100)
(2220, 6750, 2250)
(2221, 6750, 2400)
(2222, 6750, 2550)
(2223, 6750, 2700)
(2224, 6750, 2850)
(2225, 6750, 3000)
(2226, 6750, 3150)
(2227, 6750, 3300)
(2228, 6750, 3450)
(2229, 6750, 3600)
(2230, 6750, 3750)
(2231, 6750, 3900)
(2232, 6750, 4050)
(2233, 6750, 4200)
(2234, 6750, 4350)
(2235, 6750, 4500)
(2236, 6750, 4650)
(2237, 6750, 4800)
(2238, 6750, 4950)
(2239, 6750, 5100)
(2240, 6750, 5250)
(2241, 6750, 5400)
(2242, 6750, 5550)
(2243, 6750, 5700)
(2244, 6750, 5850)
(2245, 6750, 6000)
(2246, 6750, 6150)
(2247, 6750, 6300)
(2248, 6750, 6450)
(2249, 6750, 6600)
(2250, 6750, 6750)
(2251, 6750, 6900)
(2252, 6750, 7050)
(2253, 6750, 7200)
(2254, 6900, 0)
(2255, 6900, 150)
(2256, 6900, 300)
(2257, 6900, 450)
(2258, 6900, 600)
(2259, 6900, 750)
(2260, 6900, 900)
(2261, 6900, 1050)
(2262, 6900, 1200)
(2263, 6900, 1350)
(2264, 6900, 1500)
(2265, 6900, 1650)
(2266, 6900, 1800)
(2267, 6900, 1950)
(2268, 6900, 2100)
(2269, 6900, 2250)
(2270, 6900, 2400)
(2271, 6900, 2550)
(2272, 6900, 2700)
(2273, 6900, 2850)
(2274, 6900, 3000)
(2275, 6900, 3150)
(2276, 6900, 3300)
(2277, 6900, 3450)
(2278, 6900, 3600)
(2279, 6900, 3750)
(2280, 6900, 3900)
(2281, 6900, 4050)
(2282, 6900, 4200)
(2283, 6900, 4350)
(2284, 6900, 4500)
(2285, 6900, 4650)
(2286, 6900, 4800)
(2287, 6900, 4950)
(2288, 6900, 5100)
(2289, 6900, 5250)
(2290, 6900, 5400)
(2291, 6900, 5550)
(2292, 6900, 5700)
(2293, 6900, 5850)
(2294, 6900, 6000)
(2295, 6900, 6150)
(2296, 6900, 6300)
(2297, 6900, 6450)
(2298, 6900, 6600)
(2299, 6900, 6750)
(2300, 6900, 6900)
(2301, 6900, 7050)
(2302, 6900, 7200)
(2303, 7050, 0)
(2304, 7050, 150)
(2305, 7050, 300)
(2306, 7050, 450)
(2307, 7050, 600)
(2308, 7050, 750)
(2309, 7050, 900)
(2310, 7050, 1050)
(2311, 7050, 1200)
(2312, 7050, 1350)
(2313, 7050, 1500)
(2314, 7050, 1650)
(2315, 7050, 1800)
(2316, 7050, 1950)
(2317, 7050, 2100)
(2318, 7050, 2250)
(2319, 7050, 2400)
(2320, 7050, 2550)
(2321, 7050, 2700)
(2322, 7050, 2850)
(2323, 7050, 3000)
(2324, 7050, 3150)
(2325, 7050, 3300)
(2326, 7050, 3450)
(2327, 7050, 3600)
(2328, 7050, 3750)
(2329, 7050, 3900)
(2330, 7050, 4050)
(2331, 7050, 4200)
(2332, 7050, 4350)
(2333, 7050, 4500)
(2334, 7050, 4650)
(2335, 7050, 4800)
(2336, 7050, 4950)
(2337, 7050, 5100)
(2338, 7050, 5250)
(2339, 7050, 5400)
(2340, 7050, 5550)
(2341, 7050, 5700)
(2342, 7050, 5850)
(2343, 7050, 6000)
(2344, 7050, 6150)
(2345, 7050, 6300)
(2346, 7050, 6450)
(2347, 7050, 6600)
(2348, 7050, 6750)
(2349, 7050, 6900)
(2350, 7050, 7050)
(2351, 7050, 7200)
(2352, 7200, 0)
(2353, 7200, 150)
(2354, 7200, 300)
(2355, 7200, 450)
(2356, 7200, 600)
(2357, 7200, 750)
(2358, 7200, 900)
(2359, 7200, 1050)
(2360, 7200, 1200)
(2361, 7200, 1350)
(2362, 7200, 1500)
(2363, 7200, 1650)
(2364, 7200, 1800)
(2365, 7200, 1950)
(2366, 7200, 2100)
(2367, 7200, 2250)
(2368, 7200, 2400)
(2369, 7200, 2550)
(2370, 7200, 2700)
(2371, 7200, 2850)
(2372, 7200, 3000)
(2373, 7200, 3150)
(2374, 7200, 3300)
(2375, 7200, 3450)
(2376, 7200, 3600)
(2377, 7200, 3750)
(2378, 7200, 3900)
(2379, 7200, 4050)
(2380, 7200, 4200)
(2381, 7200, 4350)
(2382, 7200, 4500)
(2383, 7200, 4650)
(2384, 7200, 4800)
(2385, 7200, 4950)
(2386, 7200, 5100)
(2387, 7200, 5250)
(2388, 7200, 5400)
(2389, 7200, 5550)
(2390, 7200, 5700)
(2391, 7200, 5850)
(2392, 7200, 6000)
(2393, 7200, 6150)
(2394, 7200, 6300)
(2395, 7200, 6450)
(2396, 7200, 6600)
(2397, 7200, 6750)
(2398, 7200, 6900)
(2399, 7200, 7050)
(2400, 7200, 7200)
